  2.593180E+01  7.232700E+00  1.100000E+00 -5.185500E+00  6.752100E+00  2.657700E+00  4.680000E-02 -2.846379E-01 -1.897620E+00  5.500000E+02 -1.535411E+05 -4.045950E+04  3.086994E+06  3.957590E-04
  2.349700E+00  1.277020E+01  1.710400E+00  1.291000E-01 -2.124900E+00  6.640300E+00  2.860000E-02 -1.696369E-01 -8.759274E-02  5.500000E+02 -1.224405E+04 -6.717759E+04  3.090089E+06  3.925795E-04
  6.606700E+01  6.348200E+00  1.397000E+00 -6.177100E+00  1.978900E+00  1.953900E+00  2.700000E-02  1.000000E+10  1.000000E+10  1.000000E+10  1.000000E+10  1.000000E+10  1.000000E+10  1.000000E+10
 -4.383700E+00  3.605700E+00  1.311200E+00  4.538400E+00 -6.544500E+00  3.728300E+00  4.550000E-02  5.756487E-01 -1.027811E+00  5.500000E+02  2.112443E+04 -1.598020E+04  3.091388E+06  3.922757E-04
 -4.019600E+00  1.473200E+00  4.639000E+00 -2.634600E+00  2.618400E+00  7.328600E+00  3.970000E-02 -5.863064E-01  5.166617E-01  5.500000E+02  2.259434E+04 -9.061143E+03  3.084703E+06  3.892390E-04
 -2.711250E+01 -1.413860E+01  3.261000E-01 -7.561000E-01 -2.231200E+00  3.491800E+00  1.040000E-02  4.836176E+00  4.970158E+00  5.500000E+02  1.787803E+05  8.829068E+04  3.086120E+06  3.975227E-04
  7.091700E+00 -8.180700E+00  4.186600E+00 -4.848900E+00 -8.243600E+00  3.061400E+00  5.930000E-02 -1.171155E+00 -1.350923E+00  5.500000E+02 -3.495859E+04  4.746156E+04  3.084949E+06  3.909449E-04
  1.823950E+01 -1.106380E+01  4.944200E+00  6.473400E+00  2.586700E+00  3.614300E+00  3.620000E-02 -6.819133E-01  3.095525E+00  5.500000E+02 -1.007227E+05  5.469891E+04  3.082641E+06  3.911013E-04
 -1.541890E+01 -4.482900E+00  4.564200E+00  4.425800E+00  1.047600E+00  6.027600E+00  3.350000E-02  1.262441E+00  9.184640E-01  5.500000E+02  7.983793E+04  2.233329E+04  3.083746E+06  3.905558E-04
 -4.760000E-01  8.026300E+00  2.123800E+00 -7.431000E-01  3.029500E+00  4.318600E+00  1.670000E-02 -1.302002E-01  9.816766E-01  5.500000E+02  2.870774E+03 -4.448013E+04  3.089867E+06  3.920145E-04
 -1.550370E+01  7.967000E-01  2.685300E+00 -5.649400E+00  1.014500E+00  6.603200E+00  4.500000E-02 -9.333662E-01  2.830410E-02  5.500000E+02  8.655013E+04 -4.571784E+03  3.088043E+06  3.922361E-04
  5.447000E-01  3.676600E+00  2.512800E+00 -7.464000E-01  1.083900E+00  2.511900E+00  4.700000E-03 -1.162766E-01  4.110644E-01  5.500000E+02 -2.530943E+03 -2.009182E+04  3.089073E+06  3.916838E-04
  4.016200E+00  5.443100E+00  2.995300E+00  1.745000E-01  1.485600E+00  2.281300E+00  4.400000E-03  1.053508E-01  4.215783E-01  5.500000E+02 -2.134185E+04 -2.960683E+04  3.088728E+06  3.917354E-04
 -1.368130E+01  2.399100E+00  1.727000E-01  3.200200E+00 -4.925800E+00  3.194500E+00  2.630000E-02 -7.072765E-03 -1.113718E+00  5.500000E+02  7.181158E+04 -9.877113E+03  3.091469E+06  3.946875E-04
 -2.431550E+01 -2.017700E+00  2.663200E+00 -2.766500E+00  6.946500E+00  4.476000E+00  4.460000E-02 -8.769179E-01  1.803368E+00  5.500000E+02  1.468716E+05  6.122792E+03  3.084542E+06  3.940613E-04
 -2.592880E+01  3.081900E+00  1.843400E+00  6.735000E-01 -4.659600E+00  5.420500E+00  3.030000E-02 -3.512462E-01 -1.956059E+00  5.500000E+02  1.588041E+05 -1.268121E+04  3.086582E+06  3.950124E-04
 -8.153900E+00 -1.519160E+01  9.890000E-01  9.197900E+00 -2.566800E+00  1.426500E+00  5.480000E-02  2.927949E+00  2.225735E-01  5.500000E+02  3.662929E+04  8.111899E+04  3.090717E+06  3.949592E-04
  1.392000E+01  7.296900E+00  2.793800E+00 -4.894000E+00  1.788100E+00  4.979800E+00  3.050000E-02 -1.437458E+00 -5.485463E-01  5.500000E+02 -7.082637E+04 -3.839612E+04  3.087380E+06  3.923313E-04
  1.031370E+01  3.526230E+01  3.762000E+00  4.166800E+00  5.117400E+00  4.835300E+00  3.930000E-02  1.000000E+10  1.000000E+10  1.000000E+10  1.000000E+10  1.000000E+10  1.000000E+10  1.000000E+10
  6.048800E+00 -5.486900E+00  8.177100E+00  3.936900E+00 -4.314000E+00  7.380600E+00  5.210000E-02  4.452731E-01 -5.401752E-01  5.500000E+02 -3.395790E+04  3.116739E+04  3.078473E+06  3.869333E-04
 -2.291980E+01 -1.766900E+00  1.239000E+00 -3.917300E+00 -3.874800E+00  4.870400E+00  3.180000E-02 -1.221496E+00 -1.844570E-02  5.500000E+02  1.346231E+05  1.098354E+04  3.088232E+06  3.942488E-04
  2.056900E+00  2.496000E+00  8.835000E-01 -1.245300E+00  2.748000E+00  5.213600E+00  2.130000E-02 -5.100095E-02  7.633862E-01  5.500000E+02 -1.041851E+04 -1.472157E+04  3.092633E+06  3.920980E-04
  2.763360E+01  1.971800E+00  4.812200E+00  2.013000E-01 -9.340000E-01  4.561400E+00  1.280000E-02 -2.197164E+00 -1.002558E+00  5.500000E+02 -1.748983E+05 -9.793307E+03  3.079192E+06  3.939778E-04
 -7.469600E+00  3.250700E+00  1.485600E+00 -3.613000E-01  6.178000E-01  2.656800E+00  4.500000E-03 -4.357190E-01  1.778246E-01  5.500000E+02  4.052468E+04 -1.772379E+04  3.090059E+06  3.927833E-04
 -2.664820E+01  1.290540E+01  6.292000E+00 -4.971000E-01 -4.427100E+00  4.859400E+00  2.550000E-02  4.307447E+00 -5.037254E+00  5.500000E+02  1.713960E+05 -7.290533E+04  3.077617E+06  3.932538E-04
  1.867020E+01  1.301450E+01  2.724700E+00  3.498700E+00  1.232070E+01  3.848800E+00  1.051000E-01 -1.276230E+00 -1.027739E+00  5.500000E+02 -1.018506E+05 -7.292472E+04  3.086326E+06  3.927529E-04
  3.107810E+01  7.472800E+00  3.382700E+00  7.185400E+00 -3.626000E-01  4.720100E+00  4.350000E-02 -1.712185E+01 -2.409520E+00  5.500000E+02 -2.125869E+05 -3.724012E+04  3.079421E+06  3.994727E-04
  6.625800E+00 -6.166700E+00  7.133500E+00  1.889500E+00 -2.890500E+00  5.210300E+00  2.300000E-02  7.818152E-02 -2.652249E-01  5.500000E+02 -3.597688E+04  3.400857E+04  3.081177E+06  3.881278E-04
  2.349070E+01 -3.278400E+00  1.959000E-01 -4.721100E+00  3.409700E+00  4.477000E+00  3.170000E-02  5.627015E-01  1.646019E+00  5.500000E+02 -1.327731E+05  1.434943E+04  3.090024E+06  3.947586E-04
 -1.000670E+01 -5.462800E+00  5.586000E+00 -4.830200E+00 -4.241300E+00  1.029960E+01  8.660000E-02 -5.945003E-01 -3.892456E-01  5.500000E+02  5.565689E+04  3.081525E+04  3.082462E+06  3.885541E-04
 -5.491660E+01  7.074200E+00  3.255200E+00  4.401000E+00 -3.948800E+00  4.286000E+00  3.130000E-02  1.000000E+10  1.000000E+10  1.000000E+10  1.000000E+10  1.000000E+10  1.000000E+10  1.000000E+10
 -9.123700E+00  2.454900E+00  5.709600E+00  1.177300E+00 -2.989700E+00  5.197600E+00  2.190000E-02  2.828559E-01 -6.876524E-01  5.500000E+02  4.787454E+04 -1.139974E+04  3.082825E+06  3.892343E-04
  4.896900E+00 -9.964000E-01  9.678200E+00 -8.872500E+00 -7.167100E+00  7.017200E+00  1.054000E-01 -1.849694E+00 -1.270883E+00  5.500000E+02 -2.122564E+04  8.469340E+03  3.076000E+06  3.857440E-04
  4.715900E+00  2.801560E+01  7.043300E+00  4.279000E+00  4.297900E+00  9.224800E+00  7.160000E-02 -1.954048E+00 -4.825115E+00  5.500000E+02 -2.764780E+04 -1.828336E+05  3.074849E+06  3.918649E-04
 -7.470700E+00  6.516600E+00  1.291800E+00 -6.442900E+00 -7.055200E+00  2.732900E+00  5.800000E-02 -1.443697E+00 -1.242682E+00  5.500000E+02  4.303844E+04 -3.101533E+04  3.090069E+06  3.930951E-04
  4.288050E+01 -2.365810E+01  6.876900E+00 -1.335400E+00  2.615000E-01  1.074130E+01  6.890000E-02  1.000000E+10  1.000000E+10  1.000000E+10  1.000000E+10  1.000000E+10  1.000000E+10  1.000000E+10
 -9.365000E-01  1.540200E+00  8.111000E-01  1.717000E+00  1.974300E+00  2.768700E+00  8.500000E-03  2.408641E-01  5.477740E-01  5.500000E+02  4.009959E+03 -9.767485E+03  3.091612E+06  3.925256E-04
  1.170210E+01  1.834000E+00  1.885800E+00 -3.132800E+00 -3.678000E-01  3.231000E+00  1.200000E-02 -2.243442E-01 -1.802557E-01  5.500000E+02 -6.091016E+04 -9.353745E+03  3.090019E+06  3.928639E-04
  1.603380E+01 -5.420000E-01  2.074500E+00  1.744000E-01 -2.870700E+00  2.853000E+00  9.600000E-03 -1.946417E-01 -4.067853E-01  5.500000E+02 -8.574061E+04  4.216703E+03  3.088176E+06  3.935448E-04
  3.717000E-01  1.820230E+01  6.860400E+00  3.025000E-01  7.118200E+00  4.871300E+00  4.380000E-02 -4.677860E-02  3.830474E-01  5.500000E+02 -2.037893E+03 -1.034995E+05  3.079979E+06  3.893829E-04
  4.891680E+01 -1.353440E+01  6.827100E+00  5.152800E+00  3.502600E+00  5.731400E+00  4.210000E-02  1.000000E+10  1.000000E+10  1.000000E+10  1.000000E+10  1.000000E+10  1.000000E+10  1.000000E+10
 -1.079790E+01 -3.106400E+00  1.649600E+00 -1.747900E+00 -4.144800E+00  2.321600E+00  1.510000E-02 -6.694217E-01 -6.431749E-01  5.500000E+02  5.871576E+04  1.840997E+04  3.089671E+06  3.931563E-04
 -1.799380E+01  1.124660E+01  4.995700E+00  2.442900E+00  3.697400E+00  3.526100E+00  1.890000E-02  2.488422E+00 -1.918322E+00  5.500000E+02  9.334499E+04 -5.874807E+04  3.083179E+06  3.909245E-04
 -7.938200E+00 -3.872800E+00  4.560300E+00 -3.022500E+00 -9.140900E+00  6.338800E+00  7.810000E-02 -5.336055E-01 -1.581262E+00  5.500000E+02  4.373571E+04  2.497333E+04  3.084439E+06  3.898574E-04
 -3.823800E+00  1.699220E+01  4.406300E+00 -2.819200E+00  7.544000E-01  5.478500E+00  2.260000E-02  3.285940E-01 -4.888010E-01  5.500000E+02  2.076471E+04 -9.158463E+04  3.084977E+06  3.910207E-04
 -4.743500E+00  2.010200E+00  2.575500E+00  1.607200E+00  9.256000E-01  2.710300E+00  6.300000E-03  1.753887E-01  2.589070E-01  5.500000E+02  2.435513E+04 -1.111411E+04  3.088280E+06  3.915928E-04
 -1.046730E+01 -1.027030E+01  1.192800E+00 -1.459700E+00 -1.580000E-02  4.453300E+00  1.290000E-02  1.933777E-01  5.239239E-01  5.500000E+02  5.566948E+04  5.375858E+04  3.090450E+06  3.937760E-04
  3.095350E+01  1.312470E+01  3.557500E+00  2.341800E+00 -1.557100E+00  4.716400E+00  1.770000E-02  1.000000E+10  1.000000E+10  1.000000E+10  1.000000E+10  1.000000E+10  1.000000E+10  1.000000E+10
 -1.572300E+01  1.043240E+01  4.149700E+00  3.333500E+00  7.160000E-02  7.024200E+00  3.550000E-02  2.083370E+00 -1.793331E+00  5.500000E+02  8.046378E+04 -5.314187E+04  3.084680E+06  3.908895E-04
 -3.549940E+01  1.765580E+01  6.058200E+00 -1.349300E+00  6.424500E+00  5.552200E+00  4.350000E-02  1.000000E+10  1.000000E+10  1.000000E+10  1.000000E+10  1.000000E+10  1.000000E+10  1.000000E+10
  2.908300E+00 -2.309000E-01  3.336900E+00 -6.367700E+00 -7.696700E+00  4.608100E+00  7.110000E-02 -1.082654E+00 -1.496420E+00  5.500000E+02 -1.239276E+04  4.969166E+03  3.086985E+06  3.905215E-04
 -1.859580E+01  2.056280E+01  2.692100E+00  4.099700E+00  6.190800E+00  3.213600E+00  3.850000E-02  2.421013E+00  2.503537E-03  5.500000E+02  1.086741E+05 -1.294505E+05  3.084362E+06  3.941444E-04
 -2.818100E+00  3.526400E+00  6.654800E+00  1.345600E+00  6.695600E+00  1.202290E+01  1.124000E-01  2.820178E-01  1.223403E+00  5.500000E+02  1.390773E+04 -2.214465E+04  3.081204E+06  3.869613E-04
 -1.758960E+01  2.386600E+00  5.761000E+00 -3.669500E+00 -2.089300E+00  7.578100E+00  4.420000E-02  5.088793E-02 -9.297426E-01  5.500000E+02  9.727217E+04 -1.098281E+04  3.082269E+06  3.896421E-04
  5.992900E+00  5.095100E+00  1.748900E+00 -7.211000E-01  5.297900E+00  9.512100E+00  7.000000E-02  5.758828E-02  1.174277E+00  5.500000E+02 -3.151544E+04 -2.969785E+04  3.090383E+06  3.912264E-04
  1.195900E+00  1.380600E+00  2.455400E+00  6.720000E-01  1.950100E+00  4.974500E+00  1.700000E-02  2.159778E-01  4.765702E-01  5.500000E+02 -6.864448E+03 -8.775143E+03  3.088594E+06  3.910258E-04
  1.669260E+01  2.058380E+01  7.164000E+00  4.777900E+00  4.915700E+00  4.982400E+00  4.220000E-02 -2.176695E+00 -9.981847E-01  5.500000E+02 -9.935065E+04 -1.267196E+05  3.077281E+06  3.908553E-04
 -1.381190E+01  1.295250E+01  4.258500E+00  5.612800E+00  3.421700E+00  1.175290E+01  1.066000E-01  2.818744E+00 -1.177194E+00  5.500000E+02  6.853946E+04 -6.846305E+04  3.084106E+06  3.898569E-04
 -2.391700E+00  1.722950E+01  1.937000E+00  7.628000E-01  2.426200E+00  2.910400E+00  8.800000E-03  6.988060E-01  1.593153E-01  5.500000E+02  1.144223E+04 -9.388103E+04  3.088031E+06  3.938718E-04
 -1.958190E+01  1.535430E+01  3.137100E+00  8.370000E-02 -1.995600E+00  2.381600E+00  5.700000E-03  5.902606E-01 -3.891878E+00  5.500000E+02  1.080028E+05 -7.851684E+04  3.086382E+06  3.932819E-04
 -6.603000E+00  1.982050E+01  2.570800E+00 -6.474900E+00  3.280800E+00  3.246600E+00  3.720000E-02  7.853712E-01 -2.334460E-01  5.500000E+02  3.631060E+04 -1.094644E+05  3.087309E+06  3.931973E-04
  8.466800E+00  1.560800E+00  2.909900E+00 -8.166000E-01  5.559500E+00  4.683100E+00  3.150000E-02  1.271791E-01  1.026145E+00  5.500000E+02 -4.475205E+04 -1.096903E+04  3.088695E+06  3.913605E-04
  3.497360E+01  5.012400E+00  6.051400E+00 -6.893600E+00 -1.014320E+01  4.395000E+00  9.980000E-02  1.000000E+10  1.000000E+10  1.000000E+10  1.000000E+10  1.000000E+10  1.000000E+10  1.000000E+10
 -2.055850E+01  1.276760E+01  2.582300E+00 -5.426700E+00 -1.358200E+00  3.476700E+00  2.550000E-02 -9.510622E-02 -3.578275E+00  5.500000E+02  1.172343E+05 -6.457473E+04  3.085875E+06  3.930025E-04
 -1.184730E+01  1.080090E+01  3.752100E+00 -4.078500E+00 -1.170800E+00  4.280900E+00  2.140000E-02  2.866249E-01 -1.328641E+00  5.500000E+02  6.395892E+04 -5.553228E+04  3.085214E+06  3.915859E-04
  1.201480E+01 -3.688100E+00  2.081200E+00 -3.971800E+00  9.567900E+00  4.285000E+00  7.390000E-02 -4.984240E-01  2.028212E+00  5.500000E+02 -6.194122E+04  1.434018E+04  3.089369E+06  3.925586E-04
  2.666190E+01  5.163300E+00  4.702000E-01  2.581900E+00 -1.226000E+00  8.254000E-01  5.200000E-03  2.731977E-01 -2.604678E+00  5.500000E+02 -1.709650E+05 -2.527164E+04  3.087142E+06  3.967866E-04
 -3.946110E+01  7.539200E+00  1.284900E+00 -4.115600E+00  1.552000E+00  5.236800E+00  2.750000E-02  1.000000E+10  1.000000E+10  1.000000E+10  1.000000E+10  1.000000E+10  1.000000E+10  1.000000E+10
 -6.578070E+01  7.520000E-02  2.855400E+00 -1.477100E+00  9.534000E-01  3.752600E+00  1.010000E-02  1.000000E+10  1.000000E+10  1.000000E+10  1.000000E+10  1.000000E+10  1.000000E+10  1.000000E+10
 -1.339510E+01 -1.289000E-01  2.548500E+00 -3.923700E+00  3.607700E+00  5.933400E+00  3.740000E-02 -8.823109E-01  6.737589E-01  5.500000E+02  7.460650E+04 -1.007164E+03  3.087552E+06  3.921229E-04
  1.226380E+01  7.301000E-01  3.044200E+00  6.322000E-01 -2.400900E+00  2.752500E+00  8.100000E-03  2.815239E-01 -5.096232E-01  5.500000E+02 -6.591276E+04 -2.505653E+03  3.086882E+06  3.921216E-04
  1.339630E+01  2.706300E+00  4.532600E+00 -2.198300E+00 -7.737500E+00  5.906600E+00  5.850000E-02 -5.424514E-01 -1.729070E+00  5.500000E+02 -7.032222E+04 -1.009742E+04  3.084414E+06  3.903848E-04
  5.740300E+00  7.106500E+00  4.327800E+00 -3.120200E+00  2.444900E+00  5.060800E+00  2.430000E-02 -7.003382E-01  4.008837E-01  5.500000E+02 -2.849070E+04 -3.879746E+04  3.086172E+06  3.902469E-04
  1.883010E+01  1.661900E+00  2.918700E+00  3.359800E+00  2.086800E+00  4.959400E+00  2.370000E-02  1.338365E-01 -1.436665E-01  5.500000E+02 -1.039346E+05 -9.272905E+03  3.085991E+06  3.927159E-04
 -1.696010E+01  8.230100E+00  1.045800E+00  3.636900E+00 -1.746900E+00  3.276400E+00  1.590000E-02  1.844975E+00 -1.981387E+00  5.500000E+02  8.626957E+04 -4.016316E+04  3.089518E+06  3.946083E-04
 -5.755210E+01 -1.021320E+01  3.239400E+00  1.612100E+00 -9.459000E-01  2.901400E+00  7.000000E-03  1.000000E+10  1.000000E+10  1.000000E+10  1.000000E+10  1.000000E+10  1.000000E+10  1.000000E+10
 -9.835000E-01 -1.019240E+01  1.532200E+00  2.881700E+00 -4.098100E+00  1.365800E+00  1.580000E-02  5.805088E-01 -1.252655E+00  5.500000E+02  3.689356E+03  5.686247E+04  3.089499E+06  3.933301E-04
 -1.453410E+01  1.005030E+01  2.131500E+00 -2.340600E+00 -2.376000E-01  5.656500E+00  2.210000E-02  7.713722E-01 -1.538735E+00  5.500000E+02  7.703129E+04 -5.124766E+04  3.088227E+06  3.930632E-04
  1.411110E+01 -1.257890E+01  3.205700E+00  1.313800E+00 -6.209100E+00  2.840100E+00  2.840000E-02 -1.648286E+00  8.325422E-01  5.500000E+02 -7.349941E+04  6.778992E+04  3.086893E+06  3.926509E-04
  2.959100E+00  4.193600E+00  4.555100E+00  3.234700E+00  8.636000E-01  3.497000E+00  1.380000E-02  6.528553E-01  2.255992E-01  5.500000E+02 -1.724766E+04 -2.264169E+04  3.085214E+06  3.900717E-04
 -7.465800E+00  1.186700E+00  4.841000E+00 -2.094900E+00  3.854300E+00  7.468200E+00  4.410000E-02 -4.697790E-01  6.860368E-01  5.500000E+02  4.070952E+04 -8.281256E+03  3.084139E+06  3.893249E-04
 -3.830380E+01  6.628600E+00  7.162700E+00 -5.821900E+00 -4.009100E+00  7.931000E+00  6.630000E-02  1.000000E+10  1.000000E+10  1.000000E+10  1.000000E+10  1.000000E+10  1.000000E+10  1.000000E+10
  2.740800E+00  4.913400E+00  4.833700E+00  5.351400E+00  2.415800E+00  5.437600E+00  3.760000E-02  1.018681E+00  5.011057E-01  5.500000E+02 -1.711414E+04 -2.723216E+04  3.084732E+06  3.895308E-04
 -8.460400E+00  3.344780E+01  1.906300E+00 -2.087400E+00  3.204700E+00  2.449900E+00  1.210000E-02  1.000000E+10  1.000000E+10  1.000000E+10  1.000000E+10  1.000000E+10  1.000000E+10  1.000000E+10
 -1.145840E+01  4.095000E-01  3.183400E+00 -1.280000E+00  5.196100E+00  5.457100E+00  3.430000E-02 -4.136268E-01  9.251996E-01  5.500000E+02  6.190677E+04 -4.736257E+03  3.087573E+06  3.913758E-04
 -1.466530E+01 -2.853200E+00  1.797300E+00 -4.247700E+00 -4.323200E+00  2.269600E+00  2.460000E-02 -7.977423E-01 -3.634965E-01  5.500000E+02  8.100354E+04  1.690545E+04  3.088979E+06  3.937848E-04
 -8.125000E+00  1.344590E+01  1.577200E+00  2.716700E+00 -7.238000E-01  7.988600E+00  4.220000E-02  1.350777E+00 -5.945195E-01  5.500000E+02  4.036922E+04 -7.036924E+04  3.090267E+06  3.928528E-04
  2.600200E+01 -1.120500E+01  3.591800E+00 -3.330900E+00  2.675900E+00  5.011300E+00  2.550000E-02 -1.403187E+00  4.097811E+00  5.500000E+02 -1.567994E+05  5.852217E+04  3.083270E+06  3.936975E-04
  5.305700E+00 -3.617200E+00  3.968900E+00 -3.713800E+00 -4.968500E+00  3.705600E+00  3.070000E-02 -6.202177E-01 -9.857338E-01  5.500000E+02 -2.629362E+04  2.156890E+04  3.086287E+06  3.905107E-04
  1.420990E+01  1.720370E+01  2.805000E-01 -7.142000E-01  1.748600E+00  1.120800E+00  2.800000E-03 -4.347880E+00 -3.279420E+00  5.500000E+02 -7.036058E+04 -8.750534E+04  3.090778E+06  3.951419E-04
 -2.447670E+01  5.108900E+00  2.171800E+00  3.582900E+00  2.016900E+00  3.767400E+00  1.830000E-02 -2.054878E-01 -1.463067E+00  5.500000E+02  1.426247E+05 -2.697908E+04  3.086498E+06  3.942613E-04
  4.239560E+01 -1.451060E+01  6.525300E+00  4.475400E+00 -1.144700E+00  4.914500E+00  2.670000E-02  1.000000E+10  1.000000E+10  1.000000E+10  1.000000E+10  1.000000E+10  1.000000E+10  1.000000E+10
 -1.131460E+01  1.477850E+01  8.538000E-01 -4.256400E+00 -1.953000E+00  1.113800E+00  1.360000E-02  9.620040E-01 -1.948711E+00  5.500000E+02  5.971332E+04 -7.505714E+04  3.090638E+06  3.953982E-04
  2.585310E+01 -9.557800E+00  4.009200E+00  1.601800E+00 -1.307500E+00  5.358600E+00  1.940000E-02 -1.076592E+00  3.596385E+00  5.500000E+02 -1.589137E+05  5.071517E+04  3.082397E+06  3.933861E-04
 -1.264700E+00  1.252220E+01  4.021800E+00  9.784000E-01 -1.545800E+00  5.536500E+00  2.000000E-02  3.083173E-01 -2.805264E-01  5.500000E+02  6.053160E+03 -6.600755E+04  3.085619E+06  3.908032E-04
 -2.494210E+01 -1.065260E+01  2.810900E+00 -1.631600E+00 -1.745200E+00  4.479500E+00  1.520000E-02  3.798145E-01  3.529585E+00  5.500000E+02  1.510317E+05  5.659217E+04  3.084939E+06  3.939522E-04
 -1.549860E+01 -1.142360E+01  1.435500E+00 -4.066000E-01 -6.918000E-01  4.976100E+00  1.490000E-02  1.686613E+00  1.877621E+00  5.500000E+02  7.999050E+04  5.807680E+04  3.089172E+06  3.939940E-04
 -7.060840E+01 -3.332200E+00  2.020800E+00  6.206600E+00  7.926300E+00  4.821800E+00  7.320000E-02  1.000000E+10  1.000000E+10  1.000000E+10  1.000000E+10  1.000000E+10  1.000000E+10  1.000000E+10
  4.097000E-01  9.885200E+00  2.567200E+00  3.750500E+00  1.624900E+00  4.620900E+00  2.240000E-02  6.768199E-01  6.319691E-01  5.500000E+02 -4.013974E+03 -5.368506E+04  3.087796E+06  3.918399E-04
 -3.740100E+00  1.735800E+00  2.514000E-01 -1.247200E+00  4.382000E-01  3.109000E-01  1.100000E-03 -4.782760E-01  1.812212E-01  5.500000E+02  2.028181E+04 -9.326725E+03  3.092613E+06  3.916430E-04
 -1.470810E+01  2.611600E+00  4.386300E+00 -3.548500E+00  3.974300E+00  1.184350E+01  9.910000E-02 -3.493416E-01  3.141455E-01  5.500000E+02  8.077435E+04 -1.545630E+04  3.085084E+06  3.896583E-04
  1.956800E+01  7.494400E+00  3.815000E-01  3.718400E+00  7.916600E+00  1.399900E+00  4.610000E-02 -7.349608E-01 -8.503403E-01  5.500000E+02 -1.051428E+05 -4.083216E+04  3.090222E+06  3.946268E-04
  5.877890E+01 -1.698000E+00  1.782000E-01 -2.231200E+00 -6.741300E+00  7.232000E+00  6.040000E-02  1.000000E+10  1.000000E+10  1.000000E+10  1.000000E+10  1.000000E+10  1.000000E+10  1.000000E+10
 -9.667300E+00  1.077000E+00  5.279100E+00  5.336600E+00  1.130400E+00  8.027100E+00  5.540000E-02  9.930376E-01  1.408786E-01  5.500000E+02  4.872993E+04 -6.157768E+03  3.083462E+06  3.890908E-04
 -3.428530E+01 -8.847800E+00  4.805800E+00  1.099100E+00  4.560700E+00  9.326100E+00  6.410000E-02  1.000000E+10  1.000000E+10  1.000000E+10  1.000000E+10  1.000000E+10  1.000000E+10  1.000000E+10
 -1.208490E+01 -1.395960E+01  1.454000E+00  3.128000E-01  1.201200E+00  1.950800E+00  3.100000E-03  4.485450E-01  6.016304E-01  5.500000E+02  6.295411E+04  7.273167E+04  3.089366E+06  3.946111E-04
  1.180390E+01 -2.675100E+00  2.402100E+00  5.721000E-01  2.914000E-01  3.992200E+00  9.600000E-03  3.275891E-01  2.514950E-01  5.500000E+02 -6.335360E+04  1.376720E+04  3.088588E+06  3.923601E-04
 -4.181530E+01  2.193700E+00  2.115700E+00  1.469000E+00 -4.239000E-01  4.896600E+00  1.550000E-02  1.000000E+10  1.000000E+10  1.000000E+10  1.000000E+10  1.000000E+10  1.000000E+10  1.000000E+10
 -3.407500E+00  5.051000E+00  2.195600E+00 -2.618400E+00 -3.897300E+00  6.756600E+00  3.980000E-02 -6.488445E-01 -5.113445E-01  5.500000E+02  1.936869E+04 -2.494752E+04  3.090136E+06  3.911709E-04
 -9.586900E+00  1.657600E+00  2.147500E+00 -3.763100E+00  9.290000E-02  5.908200E+00  2.880000E-02 -1.073272E+00 -3.645820E-02  5.500000E+02  5.322882E+04 -8.753525E+03  3.088544E+06  3.918922E-04
 -4.552420E+01  1.002380E+01  2.089000E-01 -4.694800E+00 -3.686000E-01  9.123000E-01  1.350000E-02  1.000000E+10  1.000000E+10  1.000000E+10  1.000000E+10  1.000000E+10  1.000000E+10  1.000000E+10
 -1.519720E+01  1.930500E+00  3.327000E-01 -2.680100E+00  1.407100E+00  8.029500E+00  4.330000E-02 -8.346869E-01 -2.885589E-02  5.500000E+02  8.331981E+04 -1.061739E+04  3.091598E+06  3.940658E-04
 -1.931100E+00  3.975700E+00  1.191000E+00 -6.435800E+00 -3.945500E+00  2.420200E+00  3.690000E-02 -1.396281E+00 -4.394090E-01  5.500000E+02  1.362400E+04 -1.922865E+04  3.091923E+06  3.925379E-04
 -8.066500E+00  2.479570E+01  1.602200E+00  4.934000E-01  5.696500E+00  7.619000E+00  5.330000E-02  3.202389E+00  8.168104E-01  5.500000E+02  4.089320E+04 -1.533511E+05  3.087276E+06  3.943728E-04
 -5.818070E+01 -5.265800E+00  1.537900E+00 -2.800300E+00 -3.157600E+00  5.589900E+00  2.880000E-02  1.000000E+10  1.000000E+10  1.000000E+10  1.000000E+10  1.000000E+10  1.000000E+10  1.000000E+10
 -5.242880E+01  4.793600E+00  2.300700E+00 -5.200000E-01  2.888700E+00  6.380000E+00  2.900000E-02  1.000000E+10  1.000000E+10  1.000000E+10  1.000000E+10  1.000000E+10  1.000000E+10  1.000000E+10
 -1.259610E+01  6.716400E+00  2.452000E-01 -3.024700E+00 -2.264000E+00  7.882500E+00  4.490000E-02 -6.687488E-01 -8.793157E-01  5.500000E+02  6.872386E+04 -3.388432E+04  3.091726E+06  3.938668E-04
  3.949520E+01 -8.181600E+00  2.929600E+00 -2.360100E+00 -4.362000E+00  4.264000E+00  2.510000E-02  1.000000E+10  1.000000E+10  1.000000E+10  1.000000E+10  1.000000E+10  1.000000E+10  1.000000E+10
  2.238780E+01 -1.274340E+01  2.752800E+00 -1.571900E+00 -1.617500E+00  2.224700E+00  5.900000E-03 -3.923075E-01  3.188131E+00  5.500000E+02 -1.273544E+05  6.705419E+04  3.085235E+06  3.937107E-04
  1.717000E+00  1.473000E-01  3.543300E+00 -3.420200E+00 -5.882800E+00  6.278600E+00  5.040000E-02 -5.742905E-01 -1.129354E+00  5.500000E+02 -7.462527E+03  2.242400E+03  3.087808E+06  3.900103E-04
 -3.017700E+01 -1.505710E+01  2.419000E+00  5.361300E+00 -2.526700E+00  3.183200E+00  2.660000E-02  1.000000E+10  1.000000E+10  1.000000E+10  1.000000E+10  1.000000E+10  1.000000E+10  1.000000E+10
  8.356000E+00 -1.925800E+00  2.338100E+00  7.634100E+00  2.030400E+00  3.805900E+00  4.520000E-02  1.772499E+00  4.086710E-01  5.500000E+02 -4.862492E+04  9.152414E+03  3.089193E+06  3.920081E-04
  1.564980E+01  1.481310E+01  2.153200E+00  4.498300E+00  9.140000E-02  3.584700E+00  1.950000E-02 -1.931965E+00 -2.831825E+00  5.500000E+02 -8.199707E+04 -7.494224E+04  3.088142E+06  3.933133E-04
  1.568760E+01  4.314300E+00  4.028000E+00  8.405000E-01  3.836000E-01  5.332700E+00  1.720000E-02 -3.251178E-01 -6.970816E-01  5.500000E+02 -8.425515E+04 -2.216824E+04  3.084610E+06  3.912628E-04
  5.499300E+00  8.396300E+00  8.278800E+00  3.673000E-01  6.500000E+00  6.116100E+00  4.690000E-02 -3.144670E-01  7.942726E-01  5.500000E+02 -2.921470E+04 -4.794831E+04  3.078542E+06  3.872076E-04
  4.291060E+01  1.279450E+01  8.380000E-01 -1.149600E+00 -2.035600E+00  1.469900E+00  4.500000E-03  1.000000E+10  1.000000E+10  1.000000E+10  1.000000E+10  1.000000E+10  1.000000E+10  1.000000E+10
 -2.085790E+01  6.998800E+00  7.264600E+00 -6.112000E-01  1.626100E+00  5.996800E+00  2.290000E-02  7.820612E-01 -1.587064E+00  5.500000E+02  1.169062E+05 -3.660530E+04  3.078027E+06  3.892044E-04
  4.978400E+00  7.764100E+00  2.800000E-01  1.262200E+00  7.887000E-01  3.729600E+00  9.500000E-03  4.195170E-01  6.209041E-01  5.500000E+02 -2.713882E+04 -4.199819E+04  3.092699E+06  3.935425E-04
 -8.902000E-01 -2.017560E+01  3.413400E+00  9.427000E-01 -5.793000E+00  5.061100E+00  3.530000E-02  5.005329E-01 -4.392996E-01  5.500000E+02  3.775397E+03  1.142192E+05  3.085718E+06  3.923797E-04
 -3.909070E+01 -5.635500E+00  1.431200E+00  1.687600E+00  2.067400E+00  2.973300E+00  9.400000E-03  1.000000E+10  1.000000E+10  1.000000E+10  1.000000E+10  1.000000E+10  1.000000E+10  1.000000E+10
  5.438750E+01  5.218000E-01  8.930400E+00 -2.423800E+00  1.085000E+00  6.350400E+00  2.790000E-02  1.000000E+10  1.000000E+10  1.000000E+10  1.000000E+10  1.000000E+10  1.000000E+10  1.000000E+10
 -1.419500E+00  5.622900E+00  3.841900E+00 -2.425000E-01  7.947000E-01  4.958700E+00  1.490000E-02 -5.906210E-02  3.170250E-01  5.500000E+02  7.615125E+03 -3.025405E+04  3.086396E+06  3.903530E-04
  2.476810E+01 -1.056100E+00  5.728000E+00 -2.633500E+00  2.892100E+00  7.598100E+00  4.290000E-02 -4.487342E-01  7.879711E-01  5.500000E+02 -1.467670E+05  3.774951E+03  3.079416E+06  3.912540E-04
 -1.563550E+01  8.937200E+00  2.386700E+00 -4.182000E-01  2.977700E+00  4.472900E+00  1.710000E-02  1.095807E+00 -1.020892E+00  5.500000E+02  8.215682E+04 -4.692172E+04  3.087725E+06  3.930749E-04
 -2.154000E+01 -2.714400E+00  2.473400E+00 -7.025800E+00  1.723600E+00  2.994100E+00  3.600000E-02 -1.149562E+00  1.217297E+00  5.500000E+02  1.255175E+05  1.239479E+04  3.086565E+06  3.936937E-04
 -4.242520E+01  2.185800E+00  6.265000E-01 -1.257100E+00 -6.777000E-01  3.921300E+00  1.020000E-02  1.000000E+10  1.000000E+10  1.000000E+10  1.000000E+10  1.000000E+10  1.000000E+10  1.000000E+10
  2.837600E+00  4.375000E-01  2.113500E+00 -3.845700E+00  3.153900E+00  6.594600E+00  4.010000E-02 -5.425023E-01  6.385283E-01  5.500000E+02 -1.328712E+04 -3.861030E+03  3.090303E+06  3.909873E-04
 -1.470790E+01  6.557300E+00  8.917000E-01  2.847900E+00 -3.040500E+00  1.194900E+00  1.100000E-02  7.701758E-01 -1.405899E+00  5.500000E+02  7.623965E+04 -3.192694E+04  3.090920E+06  3.948920E-04
 -7.842100E+00 -1.119810E+01  5.482900E+00  7.590400E+00  1.415700E+00  6.700700E+00  6.140000E-02  2.052526E+00  7.758514E-01  5.500000E+02  3.706153E+04  5.828764E+04  3.082648E+06  3.893839E-04
  7.328900E+00 -7.372800E+00  6.227600E+00  3.835200E+00  2.599500E+00  7.264900E+00  4.360000E-02  4.062921E-01  8.039411E-01  5.500000E+02 -4.059226E+04  3.757941E+04  3.082287E+06  3.885158E-04
  1.066900E+00 -6.038400E+00  4.415700E+00 -1.835900E+00 -1.988100E+00  3.179600E+00  1.020000E-02 -3.487928E-01 -4.977761E-01  5.500000E+02 -4.735721E+03  3.304518E+04  3.085104E+06  3.903312E-04
 -1.619780E+01  8.392200E+00  1.032700E+00 -4.470800E+00 -6.133500E+00  1.027200E+00  3.450000E-02  2.560044E-01 -2.703053E+00  5.500000E+02  8.697536E+04 -3.897292E+04  3.089486E+06  3.951696E-04
 -9.013400E+00 -6.173400E+00  7.345000E-01  6.662800E+00  4.185300E+00  3.502100E+00  4.360000E-02  9.192460E-01  7.171952E-01  5.500000E+02  4.454678E+04  3.046989E+04  3.091173E+06  3.934608E-04
  9.053100E+00  2.183200E+00  3.572400E+00  1.721000E-01 -6.054700E+00  4.604600E+00  3.400000E-02  2.137948E-01 -1.211183E+00  5.500000E+02 -4.839153E+04 -8.380463E+03  3.086256E+06  3.909533E-04
 -1.775740E+01 -3.078900E+00  5.636300E+00 -4.573900E+00 -1.739000E+00  6.014000E+00  3.530000E-02 -2.341089E-02  4.523957E-01  5.500000E+02  9.868647E+04  1.644626E+04  3.081565E+06  3.901117E-04
  8.488400E+00  1.000090E+01  1.444800E+00  1.124700E+00 -1.082400E+00  6.339500E+00  2.510000E-02 -6.255897E-02 -3.650216E-01  5.500000E+02 -4.518310E+04 -5.224997E+04  3.090569E+06  3.928707E-04
  1.089600E+00  2.506100E+00  3.108600E+00  5.185800E+00 -3.556000E-01  7.078800E+00  4.530000E-02  1.053252E+00  6.256078E-02  5.500000E+02 -8.308143E+03 -1.317916E+04  3.088091E+06  3.902477E-04
 -9.851700E+00  3.476400E+00  3.248900E+00  8.460000E-01 -9.041500E+00  5.196900E+00  6.430000E-02 -6.706752E-04 -1.832975E+00  5.500000E+02  5.197376E+04 -1.371344E+04  3.086647E+06  3.912091E-04
 -4.947400E+00 -3.401300E+00  2.092700E+00  5.098100E+00 -1.133180E+01  2.077200E+00  9.330000E-02  7.501894E-01 -2.324784E+00  5.500000E+02  2.384168E+04  2.374993E+04  3.089464E+06  3.921453E-04
 -7.270270E+01 -4.966600E+00  2.422000E-01 -4.835000E+00  1.596400E+00  6.227500E+00  3.800000E-02  1.000000E+10  1.000000E+10  1.000000E+10  1.000000E+10  1.000000E+10  1.000000E+10  1.000000E+10
 -4.728710E+01  6.402100E+00  1.152800E+00 -1.739000E-01 -4.113000E-01  1.483200E+00  1.400000E-03  1.000000E+10  1.000000E+10  1.000000E+10  1.000000E+10  1.000000E+10  1.000000E+10  1.000000E+10
 -5.546470E+01 -8.995900E+00  3.235400E+00 -4.691900E+00 -4.483000E+00  6.431500E+00  4.910000E-02  1.000000E+10  1.000000E+10  1.000000E+10  1.000000E+10  1.000000E+10  1.000000E+10  1.000000E+10
  5.957400E+00 -4.992300E+00  2.989000E-01  5.738500E+00  2.248000E+00  9.789000E-01  2.290000E-02  1.509525E+00  1.412560E-01  5.500000E+02 -3.483922E+04  2.557029E+04  3.093266E+06  3.938127E-04
  3.009100E+00 -5.359000E-01  3.189700E+00  3.618900E+00  3.143400E+00  4.335700E+00  2.460000E-02  8.517023E-01  5.803585E-01  5.500000E+02 -1.779843E+04  1.319447E+03  3.088300E+06  3.907216E-04
 -1.546800E+01  1.191730E+01  2.865800E+00  7.453000E-01  1.887100E+00  4.225300E+00  1.290000E-02  1.971829E+00 -1.750708E+00  5.500000E+02  7.961174E+04 -6.147817E+04  3.086540E+06  3.926354E-04
 -1.497200E+00  8.416000E-01  4.385400E+00  7.244700E+00 -3.373700E+00  5.855000E+00  5.770000E-02  1.336345E+00 -6.183106E-01  5.500000E+02  4.393105E+03 -2.824719E+03  3.085814E+06  3.895095E-04
 -5.571930E+01  2.396000E-01  1.168600E+00  2.115300E+00 -3.818900E+00  4.297800E+00  2.210000E-02  1.000000E+10  1.000000E+10  1.000000E+10  1.000000E+10  1.000000E+10  1.000000E+10  1.000000E+10
 -2.544280E+01  2.746880E+01  6.931200E+00  1.500700E+00  4.556600E+00  8.319800E+00  5.420000E-02  1.000000E+10  1.000000E+10  1.000000E+10  1.000000E+10  1.000000E+10  1.000000E+10  1.000000E+10
  1.498220E+01 -1.804940E+01  3.425300E+00 -8.950000E-01  5.830400E+00  1.090430E+01  9.030000E-02 -3.200745E+00  3.198020E+00  5.500000E+02 -7.590575E+04  9.159980E+04  3.085127E+06  3.907770E-04
 -3.945880E+01  1.387580E+01  2.566900E+00 -2.543000E+00 -1.824700E+00  5.008600E+00  2.050000E-02  1.000000E+10  1.000000E+10  1.000000E+10  1.000000E+10  1.000000E+10  1.000000E+10  1.000000E+10
 -2.814850E+01 -9.399400E+00  2.364900E+00 -6.829500E+00 -5.847900E+00  3.760400E+00  5.580000E-02  4.631991E+00  4.215840E+00  5.500000E+02  1.850619E+05  5.491002E+04  3.083076E+06  3.966881E-04
  1.208530E+01  4.201700E+00  1.118300E+00  3.270000E-01 -7.624200E+00  1.386940E+01  1.473000E-01  3.933631E-01 -1.671004E+00  5.500000E+02 -6.470826E+04 -1.809298E+04  3.090021E+06  3.916412E-04
 -3.461380E+01 -5.015100E+00  6.888000E-01  1.366200E+00 -3.719000E-01  8.681000E-01  1.600000E-03  1.000000E+10  1.000000E+10  1.000000E+10  1.000000E+10  1.000000E+10  1.000000E+10  1.000000E+10
 -9.232100E+00  1.002460E+01  3.221100E+00  3.901000E-01  5.619000E-01  8.011800E+00  3.800000E-02  5.918825E-01 -3.735956E-01  5.500000E+02  4.817708E+04 -5.293716E+04  3.087455E+06  3.911222E-04
 -1.449100E+00 -5.364800E+00  3.257000E+00 -7.283000E+00 -2.633300E+00  4.030000E+00  4.480000E-02 -1.417942E+00 -7.020072E-01  5.500000E+02  1.126388E+04  2.986464E+04  3.087846E+06  3.909352E-04
 -2.188760E+01 -1.065890E+01  2.566000E+00 -1.015960E+01  3.202000E+00  5.345600E+00  8.350000E-02 -1.254472E+00  3.808480E+00  5.500000E+02  1.319511E+05  5.277101E+04  3.085512E+06  3.931660E-04
  4.071700E+00 -1.606300E+00  1.336200E+00 -5.598000E-01 -3.577400E+00  5.240200E+00  2.380000E-02  2.159991E-01 -8.059324E-01  5.500000E+02 -2.150208E+04  1.031848E+04  3.090877E+06  3.919280E-04
  3.337500E+00  2.672930E+01  3.878100E+00  5.640000E-01  5.855300E+00  2.964500E+00  2.550000E-02 -1.480173E+00 -9.178223E-01  5.500000E+02 -1.736106E+04 -1.721530E+05  3.082152E+06  3.948709E-04
 -5.127670E+01 -1.309300E+00  6.071000E-01 -1.064300E+00  1.088200E+00  3.615500E+00  9.000000E-03  1.000000E+10  1.000000E+10  1.000000E+10  1.000000E+10  1.000000E+10  1.000000E+10  1.000000E+10
 -9.854300E+00  2.252000E+00  5.570000E-01 -1.172100E+00  1.576000E-01  3.618700E+00  8.500000E-03 -8.479470E-01  2.242563E-02  5.500000E+02  5.356327E+04 -1.197208E+04  3.092092E+06  3.935541E-04
  1.018590E+01  2.153840E+01  4.906000E-01  1.695600E+00 -9.202000E-01  1.858800E+00  4.200000E-03 -2.604715E+00  3.576859E-02  5.500000E+02 -5.234102E+04 -1.201893E+05  3.090376E+06  3.941940E-04
  4.769400E+00  2.046530E+01  4.588900E+00  3.271900E+00  5.581100E+00  3.396000E+00  3.140000E-02 -9.053963E-01  2.816750E-01  5.500000E+02 -2.562762E+04 -1.166538E+05  3.083082E+06  3.918252E-04
  2.982340E+01  1.515810E+01  6.077600E+00  4.880500E+00  2.168300E+00  7.060700E+00  4.610000E-02  1.000000E+10  1.000000E+10  1.000000E+10  1.000000E+10  1.000000E+10  1.000000E+10  1.000000E+10
 -5.526000E-01  4.890800E+00  1.109100E+00 -2.118100E+00 -8.990500E+00  1.813300E+00  5.210000E-02 -4.471233E-01 -1.314840E+00  5.500000E+02  3.981440E+03 -2.176649E+04  3.090855E+06  3.927288E-04
 -5.422400E+00  2.365250E+01  1.671300E+00 -1.393300E+00 -1.841300E+00  2.909200E+00  8.100000E-03  1.591576E+00  5.099236E-01  5.500000E+02  2.809286E+04 -1.369299E+05  3.087039E+06  3.944740E-04
  3.831830E+01  8.435100E+00  1.356700E+00  5.802100E+00  2.471100E+00  1.932600E+00  2.560000E-02  1.000000E+10  1.000000E+10  1.000000E+10  1.000000E+10  1.000000E+10  1.000000E+10  1.000000E+10
  6.393200E+00  2.552110E+01  2.125700E+00 -4.835800E+00 -3.089900E+00  2.756300E+00  2.380000E-02 -3.172154E+00  3.216670E-02  5.500000E+02 -2.940826E+04 -1.519341E+05  3.086000E+06  3.949030E-04
 -2.387200E+00  8.329000E-01  2.601300E+00  1.060700E+00 -1.515000E-01  3.567000E+00  8.200000E-03  5.542827E-02  2.430404E-02  5.500000E+02  1.221857E+04 -4.370075E+03  3.088318E+06  3.912376E-04
 -2.363180E+01 -1.413560E+01  1.225100E+00  1.585000E-01  4.687800E+00  4.876600E+00  2.690000E-02 -2.700811E-01  3.675036E+00  5.500000E+02  1.420661E+05  7.508304E+04  3.087492E+06  3.939087E-04
 -5.833210E+01  1.201000E-01  2.382200E+00 -4.935500E+00  6.218000E+00  4.072900E+00  4.680000E-02  1.000000E+10  1.000000E+10  1.000000E+10  1.000000E+10  1.000000E+10  1.000000E+10  1.000000E+10
 -2.367590E+01  3.035200E+00  6.256000E-01 -1.346300E+00  6.455000E-01  7.488000E-01  1.600000E-03 -5.374093E-01 -9.900366E-01  5.500000E+02  1.346467E+05 -1.521994E+04  3.089243E+06  3.956520E-04
  7.008180E+01  8.792500E+00  4.820100E+00  7.401100E+00  4.479000E-01  7.514900E+00  6.550000E-02  1.000000E+10  1.000000E+10  1.000000E+10  1.000000E+10  1.000000E+10  1.000000E+10  1.000000E+10
 -1.295330E+01 -9.088000E-01  1.700000E-03  1.344200E+00  1.021000E-01  2.300000E-03  1.100000E-03  9.610243E-01 -1.391882E+01  5.500000E+02  7.113401E+04  5.746511E+04  3.091009E+06  3.990623E-04
  5.773100E+00 -1.459160E+01  2.392900E+00 -2.381000E-01 -1.663600E+00  3.783500E+00  1.010000E-02 -8.760164E-01 -1.338466E-02  5.500000E+02 -2.944123E+04  7.850212E+04  3.087551E+06  3.929662E-04
 -1.550390E+01  1.571070E+01  2.741400E+00 -8.351100E+00 -1.737700E+00  3.982000E+00  5.210000E-02  1.393571E+00 -3.278111E+00  5.500000E+02  8.355331E+04 -7.919827E+04  3.086339E+06  3.926739E-04
 -2.468610E+01  5.353400E+00  7.737200E+00 -5.521900E+00 -3.803900E+00  5.738800E+00  4.580000E-02  4.940879E-01 -2.434937E+00  5.500000E+02  1.544857E+05 -2.615008E+04  3.075767E+06  3.901282E-04
 -6.411660E+01  7.800600E+00  4.565800E+00 -6.849000E-01  2.069600E+00  3.844600E+00  1.150000E-02  1.000000E+10  1.000000E+10  1.000000E+10  1.000000E+10  1.000000E+10  1.000000E+10  1.000000E+10
 -4.720800E+00  7.769000E+00  3.355200E+00 -5.675000E-01 -5.578000E-01  4.577600E+00  1.270000E-02 -4.548863E-02  2.768389E-02  5.500000E+02  2.516043E+04 -4.101431E+04  3.086614E+06  3.910766E-04
  1.090960E+01 -5.228300E+00  2.789200E+00 -2.450000E+00  1.709200E+00  5.325400E+00  2.190000E-02 -4.262297E-01  6.075007E-01  5.500000E+02 -5.664169E+04  2.641986E+04  3.087621E+06  3.917815E-04
  2.666650E+01 -1.032000E-01  1.257700E+00  1.989700E+00 -2.211600E+00  3.082100E+00  1.080000E-02  2.055232E-01 -2.640294E-01  5.500000E+02 -1.688048E+05  1.935709E+03  3.086596E+06  3.965059E-04
 -2.201270E+01 -2.516200E+00  1.489300E+00  2.185100E+00  4.766800E+00  2.038900E+00  1.860000E-02  6.868365E-02  1.683687E+00  5.500000E+02  1.213419E+05  9.558360E+03  3.087821E+06  3.942276E-04
 -2.305470E+01  1.304980E+01  6.407900E+00 -1.371600E+00  4.589200E+00  4.746200E+00  2.670000E-02  1.006892E+00 -2.816524E+00  5.500000E+02  1.386539E+05 -7.360510E+04  3.078809E+06  3.912318E-04
  1.649970E+01 -3.162400E+00  1.419700E+00  8.571800E+00 -3.007200E+00  2.517200E+00  5.220000E-02  1.246399E+00  1.621878E-01  5.500000E+02 -9.351174E+04  1.754539E+04  3.088761E+06  3.944396E-04
 -4.146520E+01 -5.474000E-01  1.743500E+00  4.518800E+00 -5.245300E+00  4.235500E+00  3.870000E-02  1.000000E+10  1.000000E+10  1.000000E+10  1.000000E+10  1.000000E+10  1.000000E+10  1.000000E+10
 -6.575300E+00  2.011200E+00  6.640000E-02  4.287000E+00  9.486100E+00  2.540400E+00  6.750000E-02 -1.027474E+00  3.248665E+00  5.500000E+02  3.679256E+04 -1.912031E+04  3.093486E+06  3.937327E-04
  2.450410E+01 -5.048000E-01  3.437800E+00  8.270000E-01  3.993000E-01  2.940600E+00  5.600000E-03  7.137285E-01  2.679371E-01  5.500000E+02 -1.490366E+05  2.336915E+03  3.083725E+06  3.937982E-04
 -4.739080E+01  1.309140E+01  1.952600E+00  4.943100E+00 -1.590000E-02  5.623900E+00  3.300000E-02  1.000000E+10  1.000000E+10  1.000000E+10  1.000000E+10  1.000000E+10  1.000000E+10  1.000000E+10
  1.929740E+01  6.686000E-01  4.429400E+00  1.688700E+00  2.799700E+00  3.270400E+00  1.260000E-02 -2.605173E-01  2.663713E-01  5.500000E+02 -1.061903E+05 -4.770827E+03  3.084434E+06  3.917685E-04
  1.422600E+01 -9.810000E-01  7.610000E-01  6.796000E+00 -1.443700E+00  5.553400E+00  4.650000E-02  1.632648E+00 -1.247025E-01  5.500000E+02 -8.057692E+04  5.804521E+03  3.091073E+06  3.939674E-04
 -2.620700E+01 -1.538290E+01  3.975400E+00 -1.874700E+00 -1.920000E+00  8.375100E+00  4.550000E-02  6.711767E+00  5.482005E+00  5.500000E+02  1.733996E+05  9.649975E+04  3.080103E+06  3.951387E-04
 -3.875530E+01 -2.159660E+01  1.817500E+00  8.762900E+00 -3.877600E+00  3.906300E+00  6.290000E-02  1.000000E+10  1.000000E+10  1.000000E+10  1.000000E+10  1.000000E+10  1.000000E+10  1.000000E+10
  6.737300E+00  1.139200E+01  1.621000E-01 -9.290000E-01  2.714900E+00  1.702400E+00  6.500000E-03 -5.056546E-01  7.373064E-01  5.500000E+02 -3.485940E+04 -6.224595E+04  3.091558E+06  3.948679E-04
  4.290100E+00  4.071000E-01  3.847500E+00  5.332500E+00  6.086000E-01  8.715300E+00  6.160000E-02  1.170854E+00  1.222781E-01  5.500000E+02 -2.539666E+04 -2.450131E+03  3.086436E+06  3.895489E-04
  2.381070E+01  2.850000E-01  2.325700E+00  7.168600E+00 -7.227800E+00  4.765200E+00  7.430000E-02  1.414105E+00 -1.207376E+00  5.500000E+02 -1.461574E+05  2.925224E+03  3.085209E+06  3.942185E-04
 -2.984790E+01 -1.861980E+01  1.212000E+00  1.413600E+00  2.618900E+00  4.633700E+00  1.780000E-02  1.000000E+10  1.000000E+10  1.000000E+10  1.000000E+10  1.000000E+10  1.000000E+10  1.000000E+10
  4.100210E+01 -6.743500E+00  4.920400E+00 -2.219000E-01 -2.904400E+00  8.099500E+00  4.350000E-02  1.000000E+10  1.000000E+10  1.000000E+10  1.000000E+10  1.000000E+10  1.000000E+10  1.000000E+10
  7.874500E+00 -1.980490E+01  1.791900E+00 -1.957400E+00  6.105400E+00  7.327200E+00  5.570000E-02 -2.458189E+00  2.048297E+00  5.500000E+02 -3.781737E+04  1.019987E+05  3.088200E+06  3.927079E-04
 -1.171090E+01 -4.157500E+00  1.154000E-01  1.910800E+00 -5.056000E-01  4.375800E+00  1.360000E-02 -1.031821E+00 -1.529529E+00  5.500000E+02  6.442781E+04  2.631958E+04  3.091893E+06  3.943048E-04
  3.783290E+01 -5.419900E+00  3.942300E+00 -3.591400E+00  3.315400E+00  7.443800E+00  4.660000E-02  1.000000E+10  1.000000E+10  1.000000E+10  1.000000E+10  1.000000E+10  1.000000E+10  1.000000E+10
 -3.792610E+01 -1.642720E+01  6.361500E+00  1.720400E+00 -4.518500E+00  5.698100E+00  3.280000E-02  1.000000E+10  1.000000E+10  1.000000E+10  1.000000E+10  1.000000E+10  1.000000E+10  1.000000E+10
  3.913000E-01 -2.069100E+01  2.403000E+00  7.698600E+00 -1.475800E+00  3.969700E+00  4.540000E-02  1.102030E+00  1.691575E-01  5.500000E+02 -5.958955E+03  1.141201E+05  3.086496E+06  3.933416E-04
 -5.690500E+00 -4.696900E+00  2.959800E+00  4.214500E+00 -2.245500E+00  4.300900E+00  2.430000E-02  6.775492E-01 -5.241991E-01  5.500000E+02  2.807399E+04  2.597278E+04  3.087771E+06  3.912114E-04
  4.215030E+01  1.367760E+01  1.867600E+00 -1.039400E+00  1.454900E+00  3.526400E+00  9.200000E-03  1.000000E+10  1.000000E+10  1.000000E+10  1.000000E+10  1.000000E+10  1.000000E+10  1.000000E+10
 -3.091000E+00  3.319500E+00  8.229500E+00  7.894000E+00  3.120200E+00  1.124500E+01  1.167000E-01  1.549577E+00  5.009503E-01  5.500000E+02  1.258873E+04 -1.905778E+04  3.079154E+06  3.860025E-04
 -2.408070E+01  1.003230E+01  6.850000E-01  2.137000E+00  2.139600E+00  6.974700E+00  3.400000E-02 -1.447135E-01 -3.160132E+00  5.500000E+02  1.395630E+05 -5.166055E+04  3.089155E+06  3.943580E-04
  5.452100E+00 -3.333700E+00  2.288100E+00 -7.687200E+00 -1.174290E+01  8.264300E+00  1.559000E-01 -1.255024E+00 -2.373565E+00  5.500000E+02 -2.524820E+04  2.354706E+04  3.088796E+06  3.908707E-04
  2.545590E+01  1.017760E+01  2.030900E+00 -3.393400E+00  1.503600E+00  3.716900E+00  1.620000E-02 -6.410671E-01 -3.491166E+00  5.500000E+02 -1.504526E+05 -5.315440E+04  3.086337E+06  3.944511E-04
 -4.544710E+01 -1.089150E+01  3.459000E+00 -2.401300E+00  1.877900E+00  5.827000E+00  2.540000E-02  1.000000E+10  1.000000E+10  1.000000E+10  1.000000E+10  1.000000E+10  1.000000E+10  1.000000E+10
  7.956000E+00 -1.716890E+01  3.704700E+00  1.002000E+00 -7.741900E+00  2.809800E+00  4.050000E-02 -1.624337E+00 -8.152915E-02  5.500000E+02 -4.075600E+04  9.560824E+04  3.085917E+06  3.922705E-04
 -3.537700E+00  6.094300E+00  2.532100E+00  2.641100E+00 -6.657900E+00  6.847100E+00  5.770000E-02  4.073997E-01 -1.036582E+00  5.500000E+02  1.741557E+04 -2.907833E+04  3.089130E+06  3.909765E-04
  1.276910E+01  2.284500E+00  1.866500E+00 -3.170800E+00  1.365900E+00  2.654800E+00  1.110000E-02 -3.125871E-01  5.729423E-02  5.500000E+02 -6.654923E+04 -1.251219E+04  3.088791E+06  3.931860E-04
 -7.978000E-01 -1.035790E+01  4.677400E+00  1.057100E+00 -1.532400E+00  6.395600E+00  2.610000E-02  2.563369E-01 -3.118578E-01  5.500000E+02  3.631990E+03  5.597590E+04  3.084492E+06  3.899531E-04
 -1.073000E-01  8.135900E+00  2.255600E+00  3.780800E+00  5.783100E+00  8.557100E+00  7.110000E-02  7.144623E-01  1.471114E+00  5.500000E+02 -1.375872E+03 -4.681000E+04  3.088495E+06  3.911579E-04
  7.177380E+01  1.004100E+00  3.251200E+00 -3.284200E+00 -3.030900E+00  4.077700E+00  2.150000E-02  1.000000E+10  1.000000E+10  1.000000E+10  1.000000E+10  1.000000E+10  1.000000E+10  1.000000E+10
  1.126070E+01 -9.612300E+00  1.950000E-02  5.389900E+00 -1.401800E+00  3.520000E-02  1.820000E-02  4.133883E+00  4.785502E+00  5.500000E+02 -7.321835E+04  3.880663E+04  3.092429E+06  3.962633E-04
 -9.419100E+00  3.932900E+00  1.726400E+00 -1.023100E+00  6.546000E-01  2.303600E+00  4.000000E-03 -5.041146E-01  7.240020E-02  5.500000E+02  5.079695E+04 -2.105626E+04  3.090106E+06  3.929541E-04
  3.893450E+01 -3.175700E+00  7.466000E+00 -2.898400E+00  1.377600E+00  6.991100E+00  3.480000E-02  1.000000E+10  1.000000E+10  1.000000E+10  1.000000E+10  1.000000E+10  1.000000E+10  1.000000E+10
  1.830730E+01 -1.673210E+01  5.853000E-01 -4.980000E-02  5.471000E-01  6.492000E+00  2.500000E-02 -1.638860E+00  2.684046E+00  5.500000E+02 -9.754405E+04  8.692325E+04  3.090299E+06  3.920890E-04
 -1.399680E+01 -1.048800E+00  2.522200E+00 -1.936800E+00 -3.616400E+00  5.152900E+00  2.550000E-02 -4.634537E-01 -5.197233E-01  5.500000E+02  7.609187E+04  7.248859E+03  3.088467E+06  3.923797E-04
 -1.551880E+01  8.098000E+00  6.176800E+00 -3.192000E+00 -7.110900E+00  5.213100E+00  5.170000E-02  5.426849E-01 -2.663517E+00  5.500000E+02  8.407376E+04 -3.796475E+04  3.080971E+06  3.894536E-04
  9.830200E+00 -3.305800E+00  7.717900E+00  4.387400E+00 -5.677000E-01  1.019920E+01  7.260000E-02  4.850136E-01  1.645922E-01  5.500000E+02 -5.459389E+04  1.765894E+04  3.079423E+06  3.869306E-04
  1.797800E+00  3.365300E+00  1.378200E+00 -4.815900E+00  9.495000E+00  5.467700E+00  8.420000E-02 -8.061892E-01  2.108341E+00  5.500000E+02 -7.240179E+03 -2.270608E+04  3.090635E+06  3.918779E-04
  7.086680E+01 -9.700600E+00  2.625600E+00 -4.175000E+00 -8.360000E-02  8.644100E+00  5.420000E-02  1.000000E+10  1.000000E+10  1.000000E+10  1.000000E+10  1.000000E+10  1.000000E+10  1.000000E+10
 -5.653450E+01  3.833000E+00  4.291600E+00  6.003300E+00 -2.131800E+00  5.421200E+00  4.110000E-02  1.000000E+10  1.000000E+10  1.000000E+10  1.000000E+10  1.000000E+10  1.000000E+10  1.000000E+10
  2.023150E+01  1.658170E+01  1.848100E+00  2.090900E+00  5.258000E-01  4.444000E+00  1.430000E-02 -1.641149E-01 -2.098737E+00  5.500000E+02 -1.175345E+05 -9.207759E+04  3.086844E+06  3.930988E-04
 -2.169830E+01  1.029120E+01  1.558000E+00 -3.477700E+00  3.302300E+00  1.878300E+00  1.560000E-02 -4.185514E-01 -2.508619E+00  5.500000E+02  1.246090E+05 -5.391570E+04  3.088354E+06  3.941809E-04
 -1.703550E+01  4.832700E+00  5.375500E+00  7.260100E+00  3.792000E+00  7.659600E+00  7.390000E-02  2.052575E+00 -2.929969E-01  5.500000E+02  8.709927E+04 -2.614618E+04  3.083520E+06  3.896616E-04
  4.911600E+00  1.659870E+01  8.671000E-01  3.026800E+00 -7.849000E-01  3.792100E+00  1.420000E-02 -4.327589E-01 -5.411602E-01  5.500000E+02 -2.624152E+04 -8.765859E+04  3.090836E+06  3.946271E-04
 -2.886700E+00  1.043180E+01  4.345800E+00 -6.548000E-01 -2.695000E-01  5.757200E+00  1.980000E-02  5.820112E-02 -2.398497E-02  5.500000E+02  1.540935E+04 -5.541609E+04  3.084858E+06  3.903087E-04
  2.703850E+01 -1.197380E+01  1.226700E+00 -7.113100E+00  1.100500E+00  3.449000E+00  3.740000E-02 -1.809912E+00  3.650969E+00  5.500000E+02 -1.638401E+05  6.566620E+04  3.086288E+06  3.954380E-04
  2.420080E+01 -5.110300E+00  5.664500E+00  3.846700E+00 -4.388700E+00  8.427400E+00  6.180000E-02  6.151365E-02  1.085159E+00  5.500000E+02 -1.476468E+05  2.915017E+04  3.080701E+06  3.911436E-04
 -6.482600E+00 -1.140100E+00  8.873000E+00  4.508200E+00 -8.538000E+00  1.246740E+01  1.462000E-01  1.041503E+00 -1.518371E+00  5.500000E+02  3.236869E+04  1.052681E+04  3.077311E+06  3.854188E-04
  9.992700E+00  1.721100E+00  9.346700E+00  1.740300E+00 -1.543300E+00  6.961500E+00  3.170000E-02 -8.876089E-02 -4.753914E-01  5.500000E+02 -5.423160E+04 -8.218876E+03  3.076055E+06  3.863346E-04
  1.267750E+01  1.513020E+01  8.608700E+00  1.972400E+00  3.681300E+00  6.882800E+00  3.810000E-02 -1.799669E+00 -1.461678E+00  5.500000E+02 -6.701818E+04 -8.190554E+04  3.077632E+06  3.868785E-04
 -3.727260E+01  1.052200E+00  8.897500E+00  4.956200E+00  5.506000E-01  1.195100E+01  9.860000E-02  1.000000E+10  1.000000E+10  1.000000E+10  1.000000E+10  1.000000E+10  1.000000E+10  1.000000E+10
  1.567410E+01  1.338300E+00  7.741500E+00  4.791000E-01 -8.229300E+00  9.745000E+00  9.580000E-02 -4.966314E-01 -1.705255E+00  5.500000E+02 -8.497637E+04 -2.748315E+03  3.078476E+06  3.873178E-04
  4.769630E+01  1.502430E+01  1.566900E+00 -2.903900E+00 -1.906700E+00  3.320700E+00  1.360000E-02  1.000000E+10  1.000000E+10  1.000000E+10  1.000000E+10  1.000000E+10  1.000000E+10  1.000000E+10
 -3.379100E+01  2.130150E+01  4.490000E-01 -1.274400E+00  3.313200E+00  3.726800E+00  1.560000E-02  1.000000E+10  1.000000E+10  1.000000E+10  1.000000E+10  1.000000E+10  1.000000E+10  1.000000E+10
  1.554980E+01  7.499900E+00  1.084500E+00 -2.264600E+00 -1.717400E+00  2.585700E+00  8.700000E-03 -1.076362E+00 -1.505004E+00  5.500000E+02 -8.045992E+04 -3.711798E+04  3.090052E+06  3.946221E-04
 -1.618260E+01  3.522200E+00  9.791400E+00  7.646400E+00 -4.609000E+00  7.414900E+00  7.920000E-02  2.118591E+00 -1.402493E+00  5.500000E+02  8.375794E+04 -1.599918E+04  3.074533E+06  3.863590E-04
  3.178800E+00  1.427820E+01  5.650100E+00  8.029200E+00  3.363300E+00  7.527300E+00  7.780000E-02  9.715384E-01  1.628664E-01  5.500000E+02 -2.052876E+04 -7.842491E+04  3.081912E+06  3.893524E-04
  5.229090E+01 -1.093400E+01  1.785600E+00 -4.286600E+00 -9.464000E-01  2.989800E+00  1.660000E-02  1.000000E+10  1.000000E+10  1.000000E+10  1.000000E+10  1.000000E+10  1.000000E+10  1.000000E+10
  2.952600E+00  4.812000E+00  6.251500E+00 -5.012100E+00  2.535000E-01  4.785100E+00  2.830000E-02 -9.816589E-01  2.067906E-02  5.500000E+02 -1.316699E+04 -2.556579E+04  3.082105E+06  3.885944E-04
 -8.789100E+00 -3.070000E-02  5.140000E-02 -6.168400E+00 -2.673800E+00  2.837900E+00  3.130000E-02 -2.088998E+00 -5.082013E-01  5.500000E+02  5.116938E+04  1.526737E+03  3.092923E+06  3.939303E-04
 -1.130230E+01 -8.549300E+00  2.329500E+00  1.236200E+00 -6.107000E-01  3.184900E+00  7.100000E-03  6.677980E-01  5.098015E-01  5.500000E+02  5.879074E+04  4.482008E+04  3.088595E+06  3.928597E-04
 -1.297710E+01  2.504400E+00  1.335100E+00  1.546500E+00  1.377400E+00  1.430600E+00  3.700000E-03 -1.662818E-01  7.395987E-02  5.500000E+02  6.886713E+04 -1.375469E+04  3.090147E+06  3.938853E-04
  1.605720E+01 -2.629500E+01  8.578100E+00 -2.288800E+00 -1.227830E+01  1.170990E+01  1.723000E-01 -1.628954E+01  2.564468E+01  5.500000E+02 -8.357907E+04  1.588333E+05  3.070981E+06  3.957776E-04
 -5.652610E+01 -1.726930E+01  1.997900E+00 -3.735100E+00 -4.521100E+00  8.106600E+00  5.880000E-02  1.000000E+10  1.000000E+10  1.000000E+10  1.000000E+10  1.000000E+10  1.000000E+10  1.000000E+10
 -4.082030E+01  9.506700E+00  3.708800E+00  4.449200E+00 -1.280600E+00  5.588900E+00  3.100000E-02  1.000000E+10  1.000000E+10  1.000000E+10  1.000000E+10  1.000000E+10  1.000000E+10  1.000000E+10
  1.010350E+01  9.158100E+00  8.904000E-01 -5.344500E+00  2.018000E+00  7.639100E+00  5.350000E-02 -1.196635E+00  1.578095E-01  5.500000E+02 -5.050194E+04 -4.918168E+04  3.090971E+06  3.931687E-04
 -1.366940E+01  7.090400E+00  2.237400E+00 -4.606000E-01  2.842900E+00  4.053900E+00  1.450000E-02  3.768836E-01 -3.080315E-01  5.500000E+02  7.255197E+04 -3.804671E+04  3.087808E+06  3.929856E-04
 -2.407770E+01  8.831300E+00  3.311700E+00  8.038300E+00  5.449000E-01  5.186200E+00  5.400000E-02  9.388438E-01 -2.689085E+00  5.500000E+02  1.352550E+05 -4.526827E+04  3.084786E+06  3.927874E-04
  4.296600E+00 -1.337100E+00  2.177600E+00  2.330700E+00 -6.585900E+00  6.754400E+00  5.550000E-02  7.133264E-01 -1.336508E+00  5.500000E+02 -2.408540E+04  1.042360E+04  3.089109E+06  3.911149E-04
 -9.589100E+00 -8.653800E+00  5.579700E+00 -2.714600E+00 -2.378200E+00  4.720500E+00  2.080000E-02  7.377279E-02  1.537975E-01  5.500000E+02  5.195812E+04  4.673362E+04  3.082465E+06  3.897313E-04
 -7.178400E+00  1.255410E+01  1.831100E+00  3.711500E+00 -3.743300E+00  6.173800E+00  3.870000E-02  1.260998E+00 -8.870309E-01  5.500000E+02  3.530105E+04 -6.433637E+04  3.088672E+06  3.927129E-04
 -1.959690E+01  5.195200E+00  3.217300E+00 -2.059900E+00  5.206100E+00  5.832500E+00  3.840000E-02  5.862191E-01 -6.632759E-01  5.500000E+02  1.070457E+05 -2.841687E+04  3.085488E+06  3.921807E-04
  2.202030E+01  1.966800E+01  1.380000E+00 -6.747100E+00 -1.127800E+00  7.271500E+00  5.860000E-02 -2.271840E+00 -1.828237E+00  5.500000E+02 -1.350275E+05 -1.222765E+05  3.085960E+06  3.945698E-04
  5.204200E+00  9.985900E+00  2.702500E+00 -3.485000E+00  2.562400E+00  3.436400E+00  1.790000E-02 -8.696593E-01  5.617683E-01  5.500000E+02 -2.553181E+04 -5.438981E+04  3.088046E+06  3.920833E-04
 -7.140500E+00  9.309100E+00  2.569400E+00  4.200600E+00  7.043400E+00  6.945600E+00  6.790000E-02  1.045225E+00  1.235269E+00  5.500000E+02  3.546959E+04 -5.293356E+04  3.087803E+06  3.916153E-04
  4.972760E+01 -1.252210E+01  2.651700E+00  1.293000E+00  7.164700E+00  6.827600E+00  5.860000E-02  1.000000E+10  1.000000E+10  1.000000E+10  1.000000E+10  1.000000E+10  1.000000E+10  1.000000E+10
 -2.537190E+01 -2.702900E+00  7.850700E+00  3.996000E-01 -3.088600E+00  6.743000E+00  3.240000E-02  1.173272E+00  4.250347E-01  5.500000E+02  1.555664E+05  1.637124E+04  3.076172E+06  3.900310E-04
 -3.640100E+01 -1.044860E+01  2.725800E+00 -4.276000E+00 -2.283900E+00  5.422500E+00  3.110000E-02  1.000000E+10  1.000000E+10  1.000000E+10  1.000000E+10  1.000000E+10  1.000000E+10  1.000000E+10
  9.118400E+00  1.808000E+00  1.355000E-01 -4.485200E+00 -5.145700E+00  4.621500E+00  3.990000E-02 -1.077380E-01 -9.405549E-01  5.500000E+02 -4.672487E+04 -6.996057E+03  3.092998E+06  3.934482E-04
 -1.233740E+01 -3.194800E+00  5.079400E+00 -4.783900E+00 -8.337000E-01  7.737200E+00  4.900000E-02 -6.508333E-01  1.928482E-01  5.500000E+02  6.839538E+04  1.704153E+04  3.083173E+06  3.896045E-04
  2.975010E+01 -1.217040E+01  3.545600E+00  8.106000E+00 -2.478900E+00  2.461100E+00  4.580000E-02  1.000000E+10  1.000000E+10  1.000000E+10  1.000000E+10  1.000000E+10  1.000000E+10  1.000000E+10
 -2.046340E+01 -2.195270E+01  1.361000E-01  9.873000E-01  6.345000E-01  3.676000E-01  9.000000E-04  4.019536E+00  5.366512E+00  5.500000E+02  1.381904E+05  1.502405E+05  3.087732E+06  3.981321E-04
 -7.470900E+00  1.447460E+01  5.297200E+00  2.142500E+00  7.250000E-02  7.640400E+00  3.700000E-02  1.475486E+00 -8.212960E-01  5.500000E+02  3.739353E+04 -7.672809E+04  3.083557E+06  3.896789E-04