25.9318	7.2327	1.1	-5.1855	6.7521	2.6577	0.0468	-0.284638	-1.71289	-1.89762	-0.00631802	550	-295.1	-153541	-177387	-40459.5	-50194.3	3.08699e+06	3.07512e+06	0.000395759	0.000397609	
2.3497	12.7702	1.7104	0.1291	-2.1249	6.6403	0.0286	-0.169637	-0.132721	-0.0875927	-0.426319	550	-295.1	-12244	-15153.3	-67177.6	-80041.4	3.09009e+06	3.0778e+06	0.00039258	0.000396958	
66.067	6.3482	1.397	-6.1771	1.9789	1.9539	0.027	1e+10	143.134	1e+10	14.7772	1e+10	-295.1	1e+10	184870	1e+10	19645.5	1e+10	1.20186e+06	1e+10	0.000551506	
-4.3837	3.6057	1.3112	4.5384	-6.5445	3.7283	0.0455	0.575649	0.669644	-1.02781	0.266505	550	-295.1	21124.4	26420.5	-15980.2	-23808.1	3.09139e+06	3.07793e+06	0.000392276	0.000396846	
-4.0196	1.4732	4.639	-2.6346	2.6184	7.3286	0.0397	-0.586306	0.520205	0.516662	-0.0772054	550	-295.1	22594.3	24478.5	-9061.14	-10366.3	3.0847e+06	3.07228e+06	0.000389239	0.000396914	
-27.1125	-14.1386	0.3261	-0.7561	-2.2312	3.4918	0.0104	4.83618	-0.487703	4.97016	0.0381198	550	-295.1	178780	189756	88290.7	98079.3	3.08612e+06	3.07676e+06	0.000397523	0.00039794	
7.0917	-8.1807	4.1866	-4.8489	-8.2436	3.0614	0.0593	-1.17115	0.138311	-1.35092	0.105153	550	-295.1	-34958.6	-49111.8	47461.6	51872.1	3.08495e+06	3.0732e+06	0.000390945	0.000396728	
18.2395	-11.0638	4.9442	6.4734	2.5867	3.6143	0.0362	-0.681913	-0.377706	3.09552	0.512172	550	-295.1	-100723	-130191	54698.9	74383.6	3.08264e+06	3.06986e+06	0.000391101	0.000397391	
-15.4189	-4.4829	4.5642	4.4258	1.0476	6.0276	0.0335	1.26244	0.803812	0.918464	0.242967	550	-295.1	79837.9	97188.6	22333.3	26029.9	3.08375e+06	3.07205e+06	0.000390556	0.000396805	
-0.476	8.0263	2.1238	-0.7431	3.0295	4.3186	0.0167	-0.1302	-0.243535	0.981677	-0.434312	550	-295.1	2870.77	1404.78	-44480.1	-50852.7	3.08987e+06	3.07603e+06	0.000392014	0.000397196	
-15.5037	0.7967	2.6853	-5.6494	1.0145	6.6032	0.045	-0.933366	0.163818	0.0283041	0.57078	550	-295.1	86550.1	100236	-4571.78	-8300.13	3.08804e+06	3.07492e+06	0.000392236	0.000397259	
0.5447	3.6766	2.5128	-0.7464	1.0839	2.5119	0.0047	-0.116277	-0.4241	0.411064	-0.370412	550	-295.1	-2530.94	-4970.99	-20091.8	-23965.7	3.08907e+06	3.07568e+06	0.000391684	0.00039769	
4.0162	5.4431	2.9953	0.1745	1.4856	2.2813	0.0044	0.105351	-0.282497	0.421578	-0.313292	550	-295.1	-21341.8	-26313	-29606.8	-33676.2	3.08873e+06	3.07581e+06	0.000391735	0.000397702	
-13.6813	2.3991	0.1727	3.2002	-4.9258	3.1945	0.0263	-0.00707276	0.0886908	-1.11372	0.155376	550	-295.1	71811.6	85569	-9877.11	-16717.5	3.09147e+06	3.07971e+06	0.000394688	0.000397707	
-24.3155	-2.0177	2.6632	-2.7665	6.9465	4.476	0.0446	-0.876918	0.555853	1.80337	-0.218199	550	-295.1	146872	168238	6122.79	13343.6	3.08454e+06	3.07262e+06	0.000394061	0.000397183	
-25.9288	3.0819	1.8434	0.6735	-4.6596	5.4205	0.0303	-0.351246	0.91084	-1.95606	-0.249486	550	-295.1	158804	176684	-12681.2	-23166.9	3.08658e+06	3.07377e+06	0.000395012	0.000397355	
-8.1539	-15.1916	0.989	9.1979	-2.5668	1.4265	0.0548	2.92795	-0.678331	0.222574	1.74192	550	-295.1	36629.3	52801.7	81119	93618.8	3.09072e+06	3.07808e+06	0.000394959	0.000398039	
13.92	7.2969	2.7938	-4.894	1.7881	4.9798	0.0305	-1.43746	-0.688436	-0.548546	-0.529017	550	-295.1	-70826.4	-88885.8	-38396.1	-43787.1	3.08738e+06	3.07456e+06	0.000392331	0.000397182	
10.3137	35.2623	3.762	4.1668	5.1174	4.8353	0.0393	1e+10	62.915	1e+10	198.875	1e+10	-295.1	1e+10	125464	1e+10	392706	1e+10	1.21054e+06	1e+10	0.000555992	
6.0488	-5.4869	8.1771	3.9369	-4.314	7.3806	0.0521	0.445273	-0.123038	-0.540175	0.672712	550	-295.1	-33957.9	-42285.5	31167.4	33853.9	3.07847e+06	3.06726e+06	0.000386933	0.000395585	
-22.9198	-1.7669	1.239	-3.9173	-3.8748	4.8704	0.0318	-1.2215	1.10598	-0.0184457	0.171029	550	-295.1	134623	148794	10983.5	8924.07	3.08823e+06	3.07485e+06	0.000394249	0.000397783	
2.0569	2.496	0.8835	-1.2453	2.748	5.2136	0.0213	-0.051001	-0.228222	0.763386	-0.495418	550	-295.1	-10418.5	-14130	-14721.6	-15944.1	3.09263e+06	3.07877e+06	0.000392098	0.000397107	
27.6336	1.9718	4.8122	0.2013	-0.934	4.5614	0.0128	-2.19716	-3.14094	-1.00256	0.0236333	550	-295.1	-174898	-208599	-9793.31	-13744.9	3.07919e+06	3.0685e+06	0.000393978	0.000395995	
-7.4696	3.2507	1.4856	-0.3613	0.6178	2.6568	0.0045	-0.435719	0.419687	0.177825	-0.28732	550	-295.1	40524.7	48081.3	-17723.8	-20492.8	3.09006e+06	3.07705e+06	0.000392783	0.000397736	
-26.6482	12.9054	6.292	-0.4971	-4.4271	4.8594	0.0255	4.30745	7.05416	-5.03725	-3.62222	550	-295.1	171396	403969	-72905.3	-192923	3.07762e+06	3.00622e+06	0.000393254	0.000403446	
18.6702	13.0145	2.7247	3.4987	12.3207	3.8488	0.1051	-1.27623	-1.01665	-1.02774	-1.14137	550	-295.1	-101851	-128040	-72924.7	-85621.8	3.08633e+06	3.0741e+06	0.000392753	0.000395324	
31.0781	7.4728	3.3827	7.1854	-0.3626	4.7201	0.0435	-17.1218	1.71895	-2.40952	0.67141	550	-295.1	-212587	-261598	-37240.1	-64969.6	3.07942e+06	3.06931e+06	0.000399473	0.00039704	
6.6258	-6.1667	7.1335	1.8895	-2.8905	5.2103	0.023	0.0781815	-0.778915	-0.265225	0.0246827	550	-295.1	-35976.9	-44747.6	34008.6	39254.1	3.08118e+06	3.06889e+06	0.000388128	0.000396607	
23.4907	-3.2784	0.1959	-4.7211	3.4097	4.477	0.0317	0.562701	-0.458427	1.64602	1.05008	550	-295.1	-132773	-158324	14349.4	21478.6	3.09002e+06	3.07743e+06	0.000394759	0.000398401	
-10.0067	-5.4628	5.586	-4.8302	-4.2413	10.2996	0.0866	-0.5945	0.882822	-0.389246	0.231488	550	-295.1	55656.9	62009.6	30815.2	33472.3	3.08246e+06	3.07101e+06	0.000388554	0.000396013	
-54.9166	7.0742	3.2552	4.401	-3.9488	4.286	0.0313	1e+10	-210.347	1e+10	23.3385	1e+10	-295.1	1e+10	-401874	1e+10	43704.8	1e+10	1.22613e+06	1e+10	0.000540895	
-9.1237	2.4549	5.7096	1.1773	-2.9897	5.1976	0.0219	0.282856	0.376357	-0.687652	-0.144936	550	-295.1	47874.5	59867.3	-11399.7	-16812.8	3.08282e+06	3.07053e+06	0.000389234	0.000397127	
4.8969	-0.9964	9.6782	-8.8725	-7.1671	7.0172	0.1054	-1.84969	0.382765	-1.27088	0.979225	550	-295.1	-21225.6	-34788.3	8469.34	4172.98	3.076e+06	3.06509e+06	0.000385744	0.000394145	
4.7159	28.0156	7.0433	4.279	4.2979	9.2248	0.0716	-1.95405	-0.639485	-4.82512	-7.12383	550	-295.1	-27647.8	-37923.1	-182834	-221521	3.07485e+06	3.06519e+06	0.000391865	0.000395165	
-7.4707	6.5166	1.2918	-6.4429	-7.0552	2.7329	0.058	-1.4437	-0.262929	-1.24268	0.111466	550	-295.1	43038.4	50282.7	-31015.3	-41901.5	3.09007e+06	3.07729e+06	0.000393095	0.000397042	
42.8805	-23.6581	6.8769	-1.3354	0.2615	10.7413	0.0689	1e+10	152.38	1e+10	-81.3968	1e+10	-295.1	1e+10	282039	1e+10	-149351	1e+10	1.22728e+06	1e+10	0.000538332	
-0.9365	1.5402	0.8111	1.717	1.9743	2.7687	0.0085	0.240864	0.0429871	0.547774	-0.472075	550	-295.1	4009.96	3958.83	-9767.49	-10679.1	3.09161e+06	3.07852e+06	0.000392526	0.000397594	
11.7021	1.834	1.8858	-3.1328	-0.3678	3.231	0.012	-0.224344	-0.184444	-0.180256	-0.0644458	550	-295.1	-60910.2	-75717.9	-9353.75	-9252.2	3.09002e+06	3.07861e+06	0.000392864	0.000397536	
16.0338	-0.542	2.0745	0.1744	-2.8707	2.853	0.0096	-0.194642	-0.841086	-0.406785	0.344682	550	-295.1	-85740.6	-103624	4216.7	5755.41	3.08818e+06	3.07649e+06	0.000393545	0.000397374	
0.3717	18.2023	6.8604	0.3025	7.1182	4.8713	0.0438	-0.0467786	-0.0268112	0.383047	-0.513559	550	-295.1	-2037.89	-3029.56	-103500	-123594	3.07998e+06	3.06878e+06	0.000389383	0.000396216	
48.9168	-13.5344	6.8271	5.1528	3.5026	5.7314	0.0421	1e+10	175.375	1e+10	-48.0531	1e+10	-295.1	1e+10	329658	1e+10	-90266	1e+10	1.22519e+06	1e+10	0.000538802	
-10.7979	-3.1064	1.6496	-1.7479	-4.1448	2.3216	0.0151	-0.669422	0.270275	-0.643175	0.197276	550	-295.1	58715.8	66829.4	18410	17376.4	3.08967e+06	3.07811e+06	0.000393156	0.000397375	
-17.9938	11.2466	4.9957	2.4429	3.6974	3.5261	0.0189	2.48842	0.838058	-1.91832	-0.369689	550	-295.1	93345	123621	-58748.1	-77864.4	3.08318e+06	3.07139e+06	0.000390925	0.00039672	
-7.9382	-3.8728	4.5603	-3.0225	-9.1409	6.3388	0.0781	-0.533605	-0.324201	-1.58126	0.141832	550	-295.1	43735.7	51294.2	24973.3	23244.2	3.08444e+06	3.07299e+06	0.000389857	0.000396306	
-3.8238	16.9922	4.4063	-2.8192	0.7544	5.4785	0.0226	0.328594	-0.318303	-0.488801	-0.504058	550	-295.1	20764.7	26456.4	-91584.6	-111379	3.08498e+06	3.07258e+06	0.000391021	0.000396896	
-4.7435	2.0102	2.5755	1.6072	0.9256	2.7103	0.0063	0.175389	0.450571	0.258907	-0.336116	550	-295.1	24355.1	29525.5	-11114.1	-12827.8	3.08828e+06	3.07579e+06	0.000391593	0.000397692	
-10.4673	-10.2703	1.1928	-1.4597	-0.0158	4.4533	0.0129	0.193378	0.287999	0.523924	0.185965	550	-295.1	55669.5	65455.4	53758.6	64621.3	3.09045e+06	3.07891e+06	0.000393776	0.000397663	
30.9535	13.1247	3.5575	2.3418	-1.5571	4.7164	0.0177	1e+10	162.293	1e+10	69.6266	1e+10	-295.1	1e+10	309183	1e+10	132972	1e+10	1.2228e+06	1e+10	0.000559757	
-15.723	10.4324	4.1497	3.3335	0.0716	7.0242	0.0355	2.08337	0.78322	-1.79333	-0.895045	550	-295.1	80463.8	104717	-53141.9	-68233	3.08468e+06	3.07279e+06	0.00039089	0.000396793	
-35.4994	17.6558	6.0582	-1.3493	6.4245	5.5522	0.0435	1e+10	-171.211	1e+10	88.0342	1e+10	-295.1	1e+10	-330330	1e+10	171173	1e+10	1.21302e+06	1e+10	0.000547967	
2.9083	-0.2309	3.3369	-6.3677	-7.6967	4.6081	0.0711	-1.08265	-1.25735	-1.49642	-0.121268	550	-295.1	-12392.8	-17336.9	4969.17	-582.927	3.08698e+06	3.07419e+06	0.000390522	0.000396752	
-18.5958	20.5628	2.6921	4.0997	6.1908	3.2136	0.0385	2.42101	1.07007	0.00250354	-1.09357	550	-295.1	108674	135124	-129450	-151222	3.08436e+06	3.07254e+06	0.000394144	0.000397032	
-2.8181	3.5264	6.6548	1.3456	6.6956	12.0229	0.1124	0.282018	-0.00503514	1.2234	-0.188754	550	-295.1	13907.7	18225.8	-22144.7	-23382.1	3.0812e+06	3.06909e+06	0.000386961	0.000395398	
-17.5896	2.3866	5.761	-3.6695	-2.0893	7.5781	0.0442	0.0508879	-0.0819414	-0.929743	-0.779198	550	-295.1	97272.2	117657	-10982.8	-17201.4	3.08227e+06	3.0697e+06	0.000389642	0.000396348	
5.9929	5.0951	1.7489	-0.7211	5.2979	9.5121	0.07	0.0575883	-0.173951	1.17428	-0.211308	550	-295.1	-31515.4	-38276.8	-29697.8	-30834.5	3.09038e+06	3.07824e+06	0.000391226	0.000396178	
1.1959	1.3806	2.4554	0.672	1.9501	4.9745	0.017	0.215978	-0.224487	0.47657	-0.396029	550	-295.1	-6864.45	-8921.2	-8775.14	-9765.84	3.08859e+06	3.07583e+06	0.000391026	0.000397243	
16.6926	20.5838	7.164	4.7779	4.9157	4.9824	0.0422	-2.1767	-1.00987	-0.998185	-0.742291	550	-295.1	-99350.6	-129804	-126720	-156536	3.07728e+06	3.06368e+06	0.000390855	0.000397595	
-13.8119	12.9525	4.2585	5.6128	3.4217	11.7529	0.1066	2.81874	1.02038	-1.17719	-1.31833	550	-295.1	68539.5	91506.6	-68463.1	-83969.6	3.08411e+06	3.0728e+06	0.000389857	0.000395887	
-2.3917	17.2295	1.937	0.7628	2.4262	2.9104	0.0088	0.698806	0.00325297	0.159315	-0.484583	550	-295.1	11442.2	15301.6	-93881	-110559	3.08803e+06	3.07721e+06	0.000393872	0.000397599	
-19.5819	15.3543	3.1371	0.0837	-1.9956	2.3816	0.0057	0.590261	0.634703	-3.89188	-0.409126	550	-295.1	108003	136861	-78516.8	-107773	3.08638e+06	3.07192e+06	0.000393282	0.00039791	
-6.603	19.8205	2.5708	-6.4749	3.2808	3.2466	0.0372	0.785371	1.05252	-0.233446	-0.273646	550	-295.1	36310.6	41581.3	-109464	-134514	3.08731e+06	3.07426e+06	0.000393197	0.000397786	
8.4668	1.5608	2.9099	-0.8166	5.5595	4.6831	0.0315	0.127179	-0.424356	1.02615	-0.203973	550	-295.1	-44752.1	-54543	-10969	-8662.67	3.0887e+06	3.07576e+06	0.000391361	0.000396938	
34.9736	5.0124	6.0514	-6.8936	-10.1432	4.395	0.0998	1e+10	214.398	1e+10	34.9645	1e+10	-295.1	1e+10	421047	1e+10	69436	1e+10	1.18829e+06	1e+10	0.000564344	
-20.5585	12.7676	2.5823	-5.4267	-1.3582	3.4767	0.0255	-0.0951062	-0.0764073	-3.57828	-0.564302	550	-295.1	117234	144228	-64574.7	-88162.5	3.08588e+06	3.0712e+06	0.000393002	0.0003982	
-11.8473	10.8009	3.7521	-4.0785	-1.1708	4.2809	0.0214	0.286625	1.193	-1.32864	-0.589021	550	-295.1	63958.9	76750.9	-55532.3	-70580.5	3.08521e+06	3.0744e+06	0.000391586	0.000397365	
12.0148	-3.6881	2.0812	-3.9718	9.5679	4.285	0.0739	-0.498424	-1.18839	2.02821	-0.132391	550	-295.1	-61941.2	-75569.6	14340.2	23853.4	3.08937e+06	3.07802e+06	0.000392559	0.000396298	
26.6619	5.1633	0.4702	2.5819	-1.226	0.8254	0.0052	0.273198	-1.11514	-2.60468	-0.261022	550	-295.1	-170965	-183050	-25271.6	-32263.6	3.08714e+06	3.07673e+06	0.000396787	0.000399095	
-39.4611	7.5392	1.2849	-4.1156	1.552	5.2368	0.0275	1e+10	56.7087	1e+10	-9.68399	1e+10	-295.1	1e+10	1.14169e+06	1e+10	-193273	1e+10	2.77164e+06	1e+10	0.000413795	
-65.7807	0.0752	2.8554	-1.4771	0.9534	3.7526	0.0101	1e+10	-152.428	1e+10	1.01221	1e+10	-295.1	1e+10	-207229	1e+10	1993.77	1e+10	1.18304e+06	1e+10	0.000552863	
-13.3951	-0.1289	2.5485	-3.9237	3.6077	5.9334	0.0374	-0.882311	-0.291456	0.673759	-0.244289	550	-295.1	74606.5	85054	-1007.16	-474.629	3.08755e+06	3.0751e+06	0.000392123	0.000397222	
12.2638	0.7301	3.0442	0.6322	-2.4009	2.7525	0.0081	0.281524	-0.670276	-0.509623	0.271729	550	-295.1	-65912.8	-78953.9	-2505.65	-2911.98	3.08688e+06	3.07669e+06	0.000392122	0.000397425	
13.3963	2.7063	4.5326	-2.1983	-7.7375	5.9066	0.0585	-0.542451	-0.909645	-1.72907	0.0465918	550	-295.1	-70322.2	-86694.6	-10097.4	-15172.5	3.08441e+06	3.0734e+06	0.000390385	0.000396158	
5.7403	7.1065	4.3278	-3.1202	2.4449	5.0608	0.0243	-0.700338	-0.286598	0.400884	-0.732408	550	-295.1	-28490.7	-37071.4	-38797.5	-42691.6	3.08617e+06	3.07382e+06	0.000390247	0.00039713	
18.8301	1.6619	2.9187	3.3598	2.0868	4.9594	0.0237	0.133836	-1.27309	-0.143667	0.240254	550	-295.1	-103935	-123206	-9272.91	-8513.83	3.08599e+06	3.07472e+06	0.000392716	0.000396815	
-16.9601	8.2301	1.0458	3.6369	-1.7469	3.2764	0.0159	1.84498	0.250358	-1.98139	-0.935326	550	-295.1	86269.6	109924	-40163.2	-52317.8	3.08952e+06	3.07797e+06	0.000394608	0.000397939	
-57.5521	-10.2132	3.2394	1.6121	-0.9459	2.9014	0.007	1e+10	-216.482	1e+10	-40.7348	1e+10	-295.1	1e+10	-408575	1e+10	-77971.2	1e+10	1.22734e+06	1e+10	0.000539607	
-0.9835	-10.1924	1.5322	2.8817	-4.0981	1.3658	0.0158	0.580509	0.32622	-1.25266	0.429512	550	-295.1	3689.36	3390.18	56862.5	64093.9	3.0895e+06	3.07783e+06	0.00039333	0.000397451	
-14.5341	10.0503	2.1315	-2.3406	-0.2376	5.6565	0.0221	0.771372	0.844027	-1.53873	-0.565187	550	-295.1	77031.3	93205.4	-51247.7	-64418	3.08823e+06	3.07641e+06	0.000393063	0.000397415	
14.1111	-12.5789	3.2057	1.3138	-6.2091	2.8401	0.0284	-1.64829	-0.852164	0.832542	0.548824	550	-295.1	-73499.4	-92850.9	67789.9	81686.6	3.08689e+06	3.07367e+06	0.000392651	0.000396791	
2.9591	4.1936	4.5551	3.2347	0.8636	3.497	0.0138	0.652855	0.0940778	0.225599	0.00720712	550	-295.1	-17247.7	-20825.2	-22641.7	-27020.7	3.08521e+06	3.07314e+06	0.000390072	0.000397619	
-7.4658	1.1867	4.841	-2.0949	3.8543	7.4682	0.0441	-0.469779	0.659345	0.686037	-0.0591139	550	-295.1	40709.5	47963.6	-8281.26	-8257.98	3.08414e+06	3.07152e+06	0.000389325	0.000396826	
-38.3038	6.6286	7.1627	-5.8219	-4.0091	7.931	0.0663	1e+10	-194.491	1e+10	37.9855	1e+10	-295.1	1e+10	-376566	1e+10	74470.4	1e+10	1.20331e+06	1e+10	0.000551742	
2.7408	4.9134	4.8337	5.3514	2.4158	5.4376	0.0376	1.01868	-0.884829	0.501106	-1.07222	550	-295.1	-17114.1	-17541.8	-27232.2	-30291.8	3.08473e+06	3.07205e+06	0.000389531	0.000397173	
-8.4604	33.4478	1.9063	-2.0874	3.2047	2.4499	0.0121	1e+10	-38.1819	1e+10	155.642	1e+10	-295.1	1e+10	-70843.5	1e+10	289538	1e+10	1.2475e+06	1e+10	0.00055298	
-11.4584	0.4095	3.1834	-1.28	5.1961	5.4571	0.0343	-0.413627	0.128833	0.9252	-0.328237	550	-295.1	61906.8	72484.9	-4736.26	-3433.81	3.08757e+06	3.07496e+06	0.000391376	0.000397081	
-14.6653	-2.8532	1.7973	-4.2477	-4.3232	2.2696	0.0246	-0.797742	0.0837386	-0.363497	0.49382	550	-295.1	81003.5	92169.6	16905.5	15011.8	3.08898e+06	3.07638e+06	0.000393785	0.000397526	
-8.125	13.4459	1.5772	2.7167	-0.7238	7.9886	0.0422	1.35078	0.140711	-0.594519	-0.668655	550	-295.1	40369.2	54231.4	-70369.2	-85227.7	3.09027e+06	3.07701e+06	0.000392853	0.000396939	
26.002	-11.205	3.5918	-3.3309	2.6759	5.0113	0.0255	-1.40319	1.0337	4.09781	-1.04391	550	-295.1	-156799	-197356	58522.2	86183.8	3.08327e+06	3.06754e+06	0.000393697	0.000397039	
5.3057	-3.6172	3.9689	-3.7138	-4.9685	3.7056	0.0307	-0.620218	-0.76916	-0.985734	-0.421755	550	-295.1	-26293.6	-34769.8	21568.9	22675.4	3.08629e+06	3.07409e+06	0.000390511	0.000397305	
14.2099	17.2037	0.2805	-0.7142	1.7486	1.1208	0.0028	-4.34788	-0.769015	-3.27942	-1.10126	550	-295.1	-70360.6	-95166.7	-87505.3	-114896	3.09078e+06	3.07667e+06	0.000395142	0.000398999	
-24.4767	5.1089	2.1718	3.5829	2.0169	3.7674	0.0183	-0.205488	0.370355	-1.46307	-0.496318	550	-295.1	142625	169466	-26979.1	-37519.6	3.0865e+06	3.07361e+06	0.000394261	0.000397984	
42.3956	-14.5106	6.5253	4.4754	-1.1447	4.9145	0.0267	1e+10	95.9676	1e+10	-36.4627	1e+10	-295.1	1e+10	99939.9	1e+10	-40429.6	1e+10	1.25532e+06	1e+10	0.000532502	
-11.3146	14.7785	0.8538	-4.2564	-1.953	1.1138	0.0136	0.962004	0.702283	-1.94871	-0.156099	550	-295.1	59713.3	74130.4	-75057.1	-96444.3	3.09064e+06	3.07759e+06	0.000395398	0.0003986	
25.8531	-9.5578	4.0092	1.6018	-1.3075	5.3586	0.0194	-1.07659	-0.367186	3.59639	-0.34488	550	-295.1	-158914	-191900	50715.2	70986.9	3.0824e+06	3.06902e+06	0.000393386	0.000397006	
-1.2647	12.5222	4.0218	0.9784	-1.5458	5.5365	0.02	0.308317	-0.0433171	-0.280526	-0.587419	550	-295.1	6053.16	6944.17	-66007.6	-80342.9	3.08562e+06	3.07437e+06	0.000390803	0.000397009	
-24.9421	-10.6526	2.8109	-1.6316	-1.7452	4.4795	0.0152	0.379814	1.54724	3.52958	0.837631	550	-295.1	151032	177023	56592.2	77882.4	3.08494e+06	3.07462e+06	0.000393952	0.000396638	
-15.4986	-11.4236	1.4355	-0.4066	-0.6918	4.9761	0.0149	1.68661	0.810032	1.87762	0.377382	550	-295.1	79990.5	101595	58076.8	72804.6	3.08917e+06	3.07684e+06	0.000393994	0.000397734	
-70.6084	-3.3322	2.0208	6.2066	7.9263	4.8218	0.0732	1e+10	-189.718	1e+10	-12.9085	1e+10	-295.1	1e+10	-365042	1e+10	-25085.1	1e+10	1.2452e+06	1e+10	0.00054006	
0.4097	9.8852	2.5672	3.7505	1.6249	4.6209	0.0224	0.67682	0.356597	0.631969	-0.564665	550	-295.1	-4013.97	-5332	-53685.1	-62629.2	3.0878e+06	3.07613e+06	0.00039184	0.000397339	
-3.7401	1.7358	0.2514	-1.2472	0.4382	0.3109	0.0011	-0.478276	0.0974013	0.181221	-0.398434	550	-295.1	20281.8	23166.7	-9326.73	-11035.7	3.09261e+06	3.07978e+06	0.000391643	0.000398232	
-14.7081	2.6116	4.3863	-3.5485	3.9743	11.8435	0.0991	-0.349342	0.764684	0.314146	-0.670663	550	-295.1	80774.4	93691.4	-15456.3	-16930.5	3.08508e+06	3.07191e+06	0.000389658	0.000396037	
19.568	7.4944	0.3815	3.7184	7.9166	1.3999	0.0461	-0.734961	-0.793287	-0.85034	-0.503614	550	-295.1	-105143	-129486	-40832.2	-46474.1	3.09022e+06	3.07797e+06	0.000394627	0.00039752	
58.7789	-1.698	0.1782	-2.2312	-6.7413	7.232	0.0604	1e+10	213.518	1e+10	-8.05237	1e+10	-295.1	1e+10	400058	1e+10	-15825	1e+10	1.23811e+06	1e+10	0.000544019	
-9.6673	1.077	5.2791	5.3366	1.1304	8.0271	0.0554	0.993038	-0.317573	0.140879	-0.804479	550	-295.1	48729.9	63303.6	-6157.77	-6726.64	3.08346e+06	3.07175e+06	0.000389091	0.000397001	
-34.2853	-8.8478	4.8058	1.0991	4.5607	9.3261	0.0641	1e+10	-216.378	1e+10	-59.664	1e+10	-295.1	1e+10	-428329	1e+10	-118996	1e+10	1.19317e+06	1e+10	0.000561253	
-12.0849	-13.9596	1.454	0.3128	1.2012	1.9508	0.0031	0.448545	0.419506	0.60163	0.461051	550	-295.1	62954.1	78424.6	72731.7	89435.9	3.08937e+06	3.07638e+06	0.000394611	0.000398065	
11.8039	-2.6751	2.4021	0.5721	0.2914	3.9922	0.0096	0.327589	-0.655168	0.251495	0.296636	550	-295.1	-63353.6	-75441.8	13767.2	17520.4	3.08859e+06	3.07775e+06	0.00039236	0.000397404	
-41.8153	2.1937	2.1157	1.469	-0.4239	4.8966	0.0155	1e+10	-137.206	1e+10	9.33627	1e+10	-295.1	1e+10	-237997	1e+10	17079.9	1e+10	1.27724e+06	1e+10	0.000536015	
-3.4075	5.051	2.1956	-2.6184	-3.8973	6.7566	0.0398	-0.648845	-0.0823177	-0.511344	-0.108099	550	-295.1	19368.7	22436.5	-24947.5	-32167.3	3.09014e+06	3.07644e+06	0.000391171	0.000396809	
-9.5869	1.6576	2.1475	-3.7631	0.0929	5.9082	0.0288	-1.07327	0.43864	-0.0364582	0.342857	550	-295.1	53228.8	60983.1	-8753.52	-12363.5	3.08854e+06	3.07647e+06	0.000391892	0.00039729	
-45.5242	10.0238	0.2089	-4.6948	-0.3686	0.9123	0.0135	1e+10	92.7432	1e+10	-22.1743	1e+10	-295.1	1e+10	1.36706e+06	1e+10	-326010	1e+10	2.71173e+06	1e+10	0.000414472	
-15.1972	1.9305	0.3327	-2.6801	1.4071	8.0295	0.0433	-0.834687	0.418625	-0.0288559	0.169686	550	-295.1	83319.8	95260.3	-10617.4	-14052.1	3.0916e+06	3.07885e+06	0.000394066	0.00039739	
-1.9311	3.9757	1.191	-6.4358	-3.9455	2.4202	0.0369	-1.39628	-0.86014	-0.439409	0.0632319	550	-295.1	13624	14191.4	-19228.7	-25611.1	3.09192e+06	3.07823e+06	0.000392538	0.000397381	
-8.0665	24.7957	1.6022	0.4934	5.6965	7.619	0.0533	3.20239	0.371295	0.81681	-1.60309	550	-295.1	40893.2	56438.7	-153351	-174769	3.08728e+06	3.07344e+06	0.000394373	0.000397604	
-58.1807	-5.2658	1.5379	-2.8003	-3.1576	5.5899	0.0288	1e+10	-211.893	1e+10	-17.7833	1e+10	-295.1	1e+10	-399996	1e+10	-33356.2	1e+10	1.23859e+06	1e+10	0.000541507	
-52.4288	4.7936	2.3007	-0.52	2.8887	6.38	0.029	1e+10	-194.276	1e+10	17.4382	1e+10	-295.1	1e+10	-373324	1e+10	33385.1	1e+10	1.2419e+06	1e+10	0.000539932	
-12.5961	6.7164	0.2452	-3.0247	-2.264	7.8825	0.0449	-0.668749	-0.0425086	-0.879316	-0.565259	550	-295.1	68723.9	79808.2	-33884.3	-42045	3.09173e+06	3.08001e+06	0.000393867	0.000397255	
39.4952	-8.1816	2.9296	-2.3601	-4.362	4.264	0.0251	1e+10	127.301	1e+10	-27.9402	1e+10	-295.1	1e+10	208271	1e+10	-46320.7	1e+10	1.27746e+06	1e+10	0.00053349	
22.3878	-12.7434	2.7528	-1.5719	-1.6175	2.2247	0.0059	-0.392307	-0.835665	3.18813	0.12699	550	-295.1	-127354	-160604	67054.2	89378.7	3.08524e+06	3.07125e+06	0.000393711	0.000397575	
1.717	0.1473	3.5433	-3.4202	-5.8828	6.2786	0.0504	-0.574291	0.155795	-1.12935	-0.589417	550	-295.1	-7462.53	-12980.5	2242.4	-1411.17	3.08781e+06	3.0743e+06	0.00039001	0.000396822	
-30.177	-15.0571	2.419	5.3613	-2.5267	3.1832	0.0266	1e+10	-111.653	1e+10	-53.4712	1e+10	-295.1	1e+10	-171926	1e+10	-80855.3	1e+10	1.26575e+06	1e+10	0.00054918	
8.356	-1.9258	2.3381	7.6341	2.0304	3.8059	0.0452	1.7725	-0.735371	0.408671	-1.20355	550	-295.1	-48624.9	-53552	9152.41	14090.8	3.08919e+06	3.07665e+06	0.000392008	0.000397526	
15.6498	14.8131	2.1532	4.4983	0.0914	3.5847	0.0195	-1.93196	-1.53343	-2.83182	-0.811053	550	-295.1	-81997.1	-102210	-74942.2	-97958.6	3.08814e+06	3.07383e+06	0.000393313	0.000397628	
15.6876	4.3143	4.028	0.8405	0.3836	5.3327	0.0172	-0.325118	-0.907763	-0.697082	0.139271	550	-295.1	-84255.1	-103703	-22168.2	-26349.8	3.08461e+06	3.07241e+06	0.000391263	0.000396963	
5.4993	8.3963	8.2788	0.3673	6.5	6.1161	0.0469	-0.314467	-0.247884	0.794273	-0.326775	550	-295.1	-29214.7	-36368.8	-47948.3	-53664.1	3.07854e+06	3.06688e+06	0.000387208	0.000395273	
42.9106	12.7945	0.838	-1.1496	-2.0356	1.4699	0.0045	1e+10	-49.0791	1e+10	-17.3709	1e+10	-295.1	1e+10	-1.13601e+06	1e+10	-366460	1e+10	2.89812e+06	1e+10	0.000409738	
-20.8579	6.9988	7.2646	-0.6112	1.6261	5.9968	0.0229	0.782061	1.1868	-1.58706	-0.843529	550	-295.1	116906	149788	-36605.3	-52727.9	3.07803e+06	3.06305e+06	0.000389204	0.000396965	
4.9784	7.7641	0.28	1.2622	0.7887	3.7296	0.0095	0.419517	-0.367787	0.620904	-0.423385	550	-295.1	-27138.8	-31502.1	-41998.2	-46536.5	3.0927e+06	3.08008e+06	0.000393542	0.000397667	
-0.8902	-20.1756	3.4134	0.9427	-5.793	5.0611	0.0353	0.500533	-0.377013	-0.4393	0.906024	550	-295.1	3775.4	2443.81	114219	136547	3.08572e+06	3.07168e+06	0.00039238	0.000396957	
-39.0907	-5.6355	1.4312	1.6876	2.0674	2.9733	0.0094	1e+10	-182.184	1e+10	-26.8175	1e+10	-295.1	1e+10	-356037	1e+10	-52693.1	1e+10	1.24134e+06	1e+10	0.000549631	
54.3875	0.5218	8.9304	-2.4238	1.085	6.3504	0.0279	1e+10	222.438	1e+10	0.00881264	1e+10	-295.1	1e+10	415988	1e+10	-870.15	1e+10	1.17845e+06	1e+10	0.000555407	
-1.4195	5.6229	3.8419	-0.2425	0.7947	4.9587	0.0149	-0.0590621	-0.141361	0.317025	-0.472568	550	-295.1	7615.12	7949.5	-30254	-35781.3	3.0864e+06	3.07357e+06	0.000390353	0.000397373	
24.7681	-1.0561	5.728	-2.6335	2.8921	7.5981	0.0429	-0.448734	-0.508945	0.787971	0.21829	550	-295.1	-146767	-177795	3774.95	10295.8	3.07942e+06	3.06763e+06	0.000391254	0.000396142	
-15.6355	8.9372	2.3867	-0.4182	2.9777	4.4729	0.0171	1.09581	0.419249	-1.02089	-0.341336	550	-295.1	82156.8	102382	-46921.7	-58086.4	3.08772e+06	3.07584e+06	0.000393075	0.000397395	
-21.54	-2.7144	2.4734	-7.0258	1.7236	2.9941	0.036	-1.14956	-0.181886	1.2173	-0.446047	550	-295.1	125518	146866	12394.8	18370.3	3.08656e+06	3.07299e+06	0.000393694	0.000398071	
-42.4252	2.1858	0.6265	-1.2571	-0.6777	3.9213	0.0102	1e+10	-121.647	1e+10	6.3469	1e+10	-295.1	1e+10	-191491	1e+10	10064.4	1e+10	1.29608e+06	1e+10	0.00053487	
2.8376	0.4375	2.1135	-3.8457	3.1539	6.5946	0.0401	-0.542502	0.169767	0.638528	-0.652375	550	-295.1	-13287.1	-19723.3	-3861.03	-2837.92	3.0903e+06	3.0769e+06	0.000390987	0.000396833	
-14.7079	6.5573	0.8917	2.8479	-3.0405	1.1949	0.011	0.770176	0.130762	-1.4059	-0.475264	550	-295.1	76239.6	94585.5	-31926.9	-41834.5	3.09092e+06	3.07816e+06	0.000394892	0.000398136	
-7.8421	-11.1981	5.4829	7.5904	1.4157	6.7007	0.0614	2.05253	1.21186	0.775851	0.891672	550	-295.1	37061.5	47028.5	58287.6	71596.7	3.08265e+06	3.07146e+06	0.000389384	0.000396694	
7.3289	-7.3728	6.2276	3.8352	2.5995	7.2649	0.0436	0.406292	-0.444836	0.803941	-0.223857	550	-295.1	-40592.3	-49832.1	37579.4	48171	3.08229e+06	3.06978e+06	0.000388516	0.000396621	
1.0669	-6.0384	4.4157	-1.8359	-1.9881	3.1796	0.0102	-0.348793	-0.530928	-0.497776	0.0379783	550	-295.1	-4735.72	-8404.91	33045.2	37841.5	3.0851e+06	3.073e+06	0.000390331	0.000397624	
-16.1978	8.3922	1.0327	-4.4708	-6.1335	1.0272	0.0345	0.256004	-0.222912	-2.70305	-0.545557	550	-295.1	86975.4	106491	-38972.9	-54308.7	3.08949e+06	3.07827e+06	0.00039517	0.000397626	
-9.0134	-6.1734	0.7345	6.6628	4.1853	3.5021	0.0436	0.919246	-0.676683	0.717195	0.753945	550	-295.1	44546.8	56731.4	30469.9	35320	3.09117e+06	3.08009e+06	0.000393461	0.00039741	
9.0531	2.1832	3.5724	0.1721	-6.0547	4.6046	0.034	0.213795	-0.477435	-1.21118	-0.115903	550	-295.1	-48391.5	-58580	-8380.46	-12606.2	3.08626e+06	3.07497e+06	0.000390953	0.000396883	
-17.7574	-3.0789	5.6363	-4.5739	-1.739	6.014	0.0353	-0.0234109	-0.120467	0.452396	0.368656	550	-295.1	98686.5	118120	16446.3	17056.8	3.08156e+06	3.06992e+06	0.000390112	0.000396481	
8.4884	10.0009	1.4448	1.1247	-1.0824	6.3395	0.0251	-0.062559	-0.156609	-0.365022	-0.0967191	550	-295.1	-45183.1	-53304.2	-52250	-62052.2	3.09057e+06	3.07758e+06	0.000392871	0.000397209	
1.0896	2.5061	3.1086	5.1858	-0.3556	7.0788	0.0453	1.05325	0.266561	0.0625608	0.341514	550	-295.1	-8308.14	-9541.1	-13179.2	-17537.4	3.08809e+06	3.07513e+06	0.000390248	0.000397038	
-9.8517	3.4764	3.2489	0.846	-9.0415	5.1969	0.0643	-0.000670675	0.412352	-1.83298	-0.299926	550	-295.1	51973.8	63597.9	-13713.4	-22838.1	3.08665e+06	3.07481e+06	0.000391209	0.000396546	
-4.9474	-3.4013	2.0927	5.0981	-11.3318	2.0772	0.0933	0.750189	0.599904	-2.32478	-0.492686	550	-295.1	23841.7	29024.9	23749.9	21764.2	3.08946e+06	3.07725e+06	0.000392145	0.000396172	
-72.7027	-4.9666	0.2422	-4.835	1.5964	6.2275	0.038	1e+10	-194.351	1e+10	-14.4514	1e+10	-295.1	1e+10	-374846	1e+10	-27046.8	1e+10	1.25015e+06	1e+10	0.000542991	
-47.2871	6.4021	1.1528	-0.1739	-0.4113	1.4832	0.0014	1e+10	-148.227	1e+10	20.3144	1e+10	-295.1	1e+10	-268295	1e+10	36908.4	1e+10	1.2768e+06	1e+10	0.000536368	
-55.4647	-8.9959	3.2354	-4.6919	-4.483	6.4315	0.0491	1e+10	-210.566	1e+10	-31.3495	1e+10	-295.1	1e+10	-401631	1e+10	-59502.8	1e+10	1.22721e+06	1e+10	0.00054005	
5.9574	-4.9923	0.2989	5.7385	2.248	0.9789	0.0229	1.50953	-0.467448	0.141256	1.01401	550	-295.1	-34839.2	-38353.7	25570.3	28009.9	3.09327e+06	3.08029e+06	0.000393813	0.00039801	
3.0091	-0.5359	3.1897	3.6189	3.1434	4.3357	0.0246	0.851702	-0.464871	0.580358	0.334945	550	-295.1	-17798.4	-19519.1	1319.45	994.387	3.0883e+06	3.0748e+06	0.000390722	0.000397324	
-15.468	11.9173	2.8658	0.7453	1.8871	4.2253	0.0129	1.97183	0.841725	-1.75071	-0.644564	550	-295.1	79611.7	103413	-61478.2	-78636.2	3.08654e+06	3.07486e+06	0.000392635	0.000397583	
-1.4972	0.8416	4.3854	7.2447	-3.3737	5.855	0.0577	1.33634	-0.234893	-0.618311	-1.335	550	-295.1	4393.1	8652.27	-2824.72	-4118.09	3.08581e+06	3.07284e+06	0.00038951	0.000397213	
-55.7193	0.2396	1.1686	2.1153	-3.8189	4.2978	0.0221	1e+10	-208.439	1e+10	4.2513	1e+10	-295.1	1e+10	-398663	1e+10	9541.75	1e+10	1.23742e+06	1e+10	0.000543963	
-25.4428	27.4688	6.9312	1.5007	4.5566	8.3198	0.0542	1e+10	-317.318	1e+10	342.007	1e+10	-295.1	1e+10	-842653	1e+10	906913	1e+10	1.21605e+06	1e+10	0.000552771	
14.9822	-18.0494	3.4253	-0.895	5.8304	10.9043	0.0903	-3.20074	-0.954186	3.19802	0.847265	550	-295.1	-75905.8	-103425	91599.8	126769	3.08513e+06	3.0708e+06	0.000390777	0.0003956	
-39.4588	13.8758	2.5669	-2.543	-1.8247	5.0086	0.0205	1e+10	75.1459	1e+10	-26.7	1e+10	-295.1	1e+10	1.15674e+06	1e+10	-412304	1e+10	2.80007e+06	1e+10	0.000403995	
-28.1485	-9.3994	2.3649	-6.8295	-5.8479	3.7604	0.0558	4.63199	4.14509	4.21584	1.96958	550	-295.1	185062	201876	54910	66041.1	3.08308e+06	3.07288e+06	0.000396688	0.000396104	
12.0853	4.2017	1.1183	0.327	-7.6242	13.8694	0.1473	0.393363	-0.508816	-1.671	0.0994387	550	-295.1	-64708.3	-77052.3	-18093	-24853	3.09002e+06	3.07956e+06	0.000391641	0.000395541	
-34.6138	-5.0151	0.6888	1.3662	-0.3719	0.8681	0.0016	1e+10	-158.884	1e+10	-25.2652	1e+10	-295.1	1e+10	-298444	1e+10	-48284.1	1e+10	1.24983e+06	1e+10	0.00055661	
-9.2321	10.0246	3.2211	0.3901	0.5619	8.0118	0.038	0.591882	0.648103	-0.373596	-0.622191	550	-295.1	48177.1	60907	-52937.2	-64380	3.08746e+06	3.07433e+06	0.000391122	0.000396873	
-1.4491	-5.3648	3.257	-7.283	-2.6333	4.03	0.0448	-1.41794	-0.441349	-0.702007	1.19425	550	-295.1	11263.9	8725.95	29864.6	30237.8	3.08785e+06	3.07491e+06	0.000390935	0.000397431	
-21.8876	-10.6589	2.566	-10.1596	3.202	5.3456	0.0835	-1.25447	1.91871	3.80848	1.31023	550	-295.1	131951	146514	52771	70078.3	3.08551e+06	3.07394e+06	0.000393166	0.000396836	
4.0717	-1.6063	1.3362	-0.5598	-3.5774	5.2402	0.0238	0.215999	-0.23602	-0.805932	-0.166528	550	-295.1	-21502.1	-26749.4	10318.5	9093.85	3.09088e+06	3.07837e+06	0.000391928	0.000396993	
3.3375	26.7293	3.8781	0.564	5.8553	2.9645	0.0255	-1.48017	-0.0937339	-0.917822	-2.46839	550	-295.1	-17361.1	-23771.6	-172153	-194570	3.08215e+06	3.06958e+06	0.000394871	0.00039625	
-51.2767	-1.3093	0.6071	-1.0643	1.0882	3.6155	0.009	1e+10	-184.626	1e+10	-5.0173	1e+10	-295.1	1e+10	-354816	1e+10	-9657.14	1e+10	1.2546e+06	1e+10	0.000541966	
-9.8543	2.252	0.557	-1.1721	0.1576	3.6187	0.0085	-0.847947	0.30076	0.0224256	-0.174337	550	-295.1	53563.3	62216.9	-11972.1	-15010.4	3.09209e+06	3.07941e+06	0.000393554	0.000397867	
10.1859	21.5384	0.4906	1.6956	-0.9202	1.8588	0.0042	-2.60472	-0.884492	0.0357686	-1.44041	550	-295.1	-52341	-67603.2	-120189	-143928	3.09038e+06	3.07557e+06	0.000394194	0.000398948	
4.7694	20.4653	4.5889	3.2719	5.5811	3.396	0.0314	-0.905396	-0.412377	0.281675	-0.778071	550	-295.1	-25627.6	-30265.4	-116654	-140048	3.08308e+06	3.06999e+06	0.000391825	0.000396788	
29.8234	15.1581	6.0776	4.8805	2.1683	7.0607	0.0461	1e+10	199.555	1e+10	100.665	1e+10	-295.1	1e+10	392226	1e+10	198004	1e+10	1.18082e+06	1e+10	0.000570338	
-0.5526	4.8908	1.1091	-2.1181	-8.9905	1.8133	0.0521	-0.447123	-0.496948	-1.31484	-0.242443	550	-295.1	3981.44	2697.62	-21766.5	-31116.5	3.09086e+06	3.07824e+06	0.000392729	0.000396541	
-5.4224	23.6525	1.6713	-1.3933	-1.8413	2.9092	0.0081	1.59158	0.189742	0.509924	-1.24878	550	-295.1	28092.9	37875.8	-136930	-164020	3.08704e+06	3.07418e+06	0.000394474	0.000398266	
38.3183	8.4351	1.3567	5.8021	2.4711	1.9326	0.0256	1e+10	153.615	1e+10	39.5685	1e+10	-295.1	1e+10	284785	1e+10	74891.7	1e+10	1.25729e+06	1e+10	0.00054661	
6.3932	25.5211	2.1257	-4.8358	-3.0899	2.7563	0.0238	-3.17215	-0.787884	0.0321667	-1.14258	550	-295.1	-29408.3	-40884.1	-151934	-176860	3.086e+06	3.07216e+06	0.000394903	0.000398009	
-2.3872	0.8329	2.6013	1.0607	-0.1515	3.567	0.0082	0.0554283	0.0305966	0.024304	-0.0392664	550	-295.1	12218.6	14210.6	-4370.07	-6667.93	3.08832e+06	3.07562e+06	0.000391238	0.000397594	
-23.6318	-14.1356	1.2251	0.1585	4.6878	4.8766	0.0269	-0.270081	1.88715	3.67504	1.02266	550	-295.1	142066	166046	75083	98500.1	3.08749e+06	3.07442e+06	0.000393909	0.000397759	
-58.3321	0.1201	2.3822	-4.9355	6.218	4.0729	0.0468	1e+10	-218.096	1e+10	2.63186	1e+10	-295.1	1e+10	-408665	1e+10	5720.93	1e+10	1.23024e+06	1e+10	0.000540663	
-23.6759	3.0352	0.6256	-1.3463	0.6455	0.7488	0.0016	-0.537409	0.904551	-0.990037	-0.695037	550	-295.1	134647	155867	-15219.9	-21990.9	3.08924e+06	3.07525e+06	0.000395652	0.000399152	
70.0818	8.7925	4.8201	7.4011	0.4479	7.5149	0.0655	1e+10	85.4632	1e+10	7.52475	1e+10	-295.1	1e+10	9023.68	1e+10	-685.435	1e+10	314968	1e+10	0.00176131	
-12.9533	-0.9088	0.0017	1.3442	0.1021	0.0023	0.0011	0.961024	0.481083	-13.9188	-0.218295	550	-295.1	71134	79195.2	57465.1	4349.22	3.09101e+06	3.08042e+06	0.000399062	0.000398682	
5.7731	-14.5916	2.3929	-0.2381	-1.6636	3.7835	0.0101	-0.876016	-0.527844	-0.0133847	0.823605	550	-295.1	-29441.2	-38108.7	78502.1	94281.3	3.08755e+06	3.07507e+06	0.000392966	0.000397541	
-15.5039	15.7107	2.7414	-8.3511	-1.7377	3.982	0.0521	1.39357	0.647888	-3.27811	0.428533	550	-295.1	83553.3	106827	-79198.3	-111134	3.08634e+06	3.07421e+06	0.000392674	0.000398087	
-24.6861	5.3534	7.7372	-5.5219	-3.8039	5.7388	0.0458	0.494088	2.19916	-2.43494	-0.318548	550	-295.1	154486	189260	-26150.1	-45176.4	3.07577e+06	3.0629e+06	0.000390128	0.000397986	
-64.1166	7.8006	4.5658	-0.6849	2.0696	3.8446	0.0115	1e+10	-184.232	1e+10	21.9601	1e+10	-295.1	1e+10	-298826	1e+10	35680.2	1e+10	1.21377e+06	1e+10	0.000538498	
-4.7208	7.769	3.3552	-0.5675	-0.5578	4.5776	0.0127	-0.0454886	0.373038	0.0276839	-0.455278	550	-295.1	25160.4	30599.3	-41014.3	-48634.2	3.08661e+06	3.07407e+06	0.000391077	0.000397396	
10.9096	-5.2283	2.7892	-2.45	1.7092	5.3254	0.0219	-0.42623	-0.549912	0.607501	0.634862	550	-295.1	-56641.7	-70239.3	26419.9	32132.3	3.08762e+06	3.0768e+06	0.000391782	0.000397197	
26.6665	-0.1032	1.2577	1.9897	-2.2116	3.0821	0.0108	0.205523	-0.708567	-0.264029	0.660773	550	-295.1	-168805	-180111	1935.71	2411.24	3.0866e+06	3.07574e+06	0.000396506	0.000397846	
-22.0127	-2.5162	1.4893	2.1851	4.7668	2.0389	0.0186	0.0686836	0.898706	1.68369	-0.0962591	550	-295.1	121342	142960	9558.36	14715.1	3.08782e+06	3.07514e+06	0.000394228	0.000397743	
-23.0547	13.0498	6.4079	-1.3716	4.5892	4.7462	0.0267	1.00689	1.45466	-2.81652	-1.02523	550	-295.1	138654	171513	-73605.1	-97279.3	3.07881e+06	3.06423e+06	0.000391232	0.000396429	
16.4997	-3.1624	1.4197	8.5718	-3.0072	2.5172	0.0522	1.2464	-1.98431	0.162188	0.54935	550	-295.1	-93511.7	-102138	17545.4	20655.8	3.08876e+06	3.07805e+06	0.00039444	0.000397491	
-41.4652	-0.5474	1.7435	4.5188	-5.2453	4.2355	0.0387	1e+10	-150.497	1e+10	-4.79564	1e+10	-295.1	1e+10	-275430	1e+10	-9568.59	1e+10	1.26707e+06	1e+10	0.000540055	
-6.5753	2.0112	0.0664	4.287	9.4861	2.5404	0.0675	-1.02747	-0.308508	3.24866	-0.159027	550	-295.1	36792.6	43161.4	-19120.3	-12893.2	3.09349e+06	3.07958e+06	0.000393733	0.000396823	
24.5041	-0.5048	3.4378	0.827	0.3993	2.9406	0.0056	0.713728	-0.827283	0.267937	0.57902	550	-295.1	-149037	-169915	2336.91	5606.26	3.08372e+06	3.07196e+06	0.000393798	0.000397171	
-47.3908	13.0914	1.9526	4.9431	-0.0159	5.6239	0.033	1e+10	-151.917	1e+10	39.2663	1e+10	-295.1	1e+10	-277502	1e+10	71012.8	1e+10	1.26619e+06	1e+10	0.000536048	
19.2974	0.6686	4.4294	1.6887	2.7997	3.2704	0.0126	-0.260517	-0.944415	0.266371	0.321557	550	-295.1	-106190	-130968	-4770.83	-1682.19	3.08443e+06	3.07192e+06	0.000391768	0.000396989	
14.226	-0.981	0.761	6.796	-1.4437	5.5534	0.0465	1.63265	-0.158769	-0.124702	1.16378	550	-295.1	-80576.9	-92188.4	5804.52	6553.97	3.09107e+06	3.07903e+06	0.000393967	0.000397425	
-26.207	-15.3829	3.9754	-1.8747	-1.92	8.3751	0.0455	6.71177	-3.20987	5.48201	-1.47471	550	-295.1	173400	215838	96499.8	123679	3.0801e+06	3.0658e+06	0.000395139	0.000396116	
-38.7553	-21.5966	1.8175	8.7629	-3.8776	3.9063	0.0629	1e+10	-116.293	1e+10	-63.8779	1e+10	-295.1	1e+10	-187266	1e+10	-102174	1e+10	1.27314e+06	1e+10	0.000535997	
6.7373	11.392	0.1621	-0.929	2.7149	1.7024	0.0065	-0.505655	0.0283522	0.737306	-0.0863889	550	-295.1	-34859.4	-41222.5	-62245.9	-69873.5	3.09156e+06	3.07977e+06	0.000394868	0.000398059	
4.2901	0.4071	3.8475	5.3325	0.6086	8.7153	0.0616	1.17085	-1.02704	0.122278	0.156004	550	-295.1	-25396.7	-26443.1	-2450.13	-4367.76	3.08644e+06	3.07378e+06	0.000389549	0.000396751	
23.8107	0.285	2.3257	7.1686	-7.2278	4.7652	0.0743	1.4141	-0.120563	-1.20738	0.998481	550	-295.1	-146157	-166503	2925.22	-951.123	3.08521e+06	3.07428e+06	0.000394219	0.000397027	
-29.8479	-18.6198	1.212	1.4136	2.6189	4.6337	0.0178	1e+10	-140.467	1e+10	-87.8568	1e+10	-295.1	1e+10	-263332	1e+10	-164988	1e+10	1.24406e+06	1e+10	0.000554502	
41.0021	-6.7435	4.9204	-0.2219	-2.9044	8.0995	0.0435	1e+10	156.832	1e+10	-25.7855	1e+10	-295.1	1e+10	290326	1e+10	-47717.5	1e+10	1.24976e+06	1e+10	0.000535201	
7.8745	-19.8049	1.7919	-1.9574	6.1054	7.3272	0.0557	-2.45819	-0.349705	2.0483	1.38842	550	-295.1	-37817.4	-52674.9	101999	130956	3.0882e+06	3.07355e+06	0.000392708	0.000397221	
-11.7109	-4.1575	0.1154	1.9108	-0.5056	4.3758	0.0136	-1.03182	-0.158127	-1.52953	-0.00430368	550	-295.1	64427.8	72200.1	26319.6	23667.8	3.09189e+06	3.08092e+06	0.000394305	0.000397751	
37.8329	-5.4199	3.9423	-3.5914	3.3154	7.4438	0.0466	1e+10	177.628	1e+10	-21.3053	1e+10	-295.1	1e+10	343315	1e+10	-40167.8	1e+10	1.23407e+06	1e+10	0.000545816	
-37.9261	-16.4272	6.3615	1.7204	-4.5185	5.6981	0.0328	1e+10	-148.111	1e+10	-64.2994	1e+10	-295.1	1e+10	-270523	1e+10	-117849	1e+10	1.23494e+06	1e+10	0.000539813	
0.3913	-20.691	2.403	7.6986	-1.4758	3.9697	0.0454	1.10203	0.856739	0.169157	0.770861	550	-295.1	-5958.95	-7979.13	114120	138355	3.0865e+06	3.07311e+06	0.000393342	0.000397811	
-5.6905	-4.6969	2.9598	4.2145	-2.2455	4.3009	0.0243	0.677549	0.745291	-0.524199	0.091181	550	-295.1	28074	33799.3	25972.8	28982.2	3.08777e+06	3.0758e+06	0.000391211	0.00039738	
42.1503	13.6776	1.8676	-1.0394	1.4549	3.5264	0.0092	1e+10	-98.9098	1e+10	-32.7629	1e+10	-295.1	1e+10	-1.38885e+06	1e+10	-457660	1e+10	2.67431e+06	1e+10	0.000414195	
-3.091	3.3195	8.2295	7.894	3.1202	11.245	0.1167	1.54958	0.88991	0.50095	0.455129	550	-295.1	12588.7	17026	-19057.8	-23876.9	3.07915e+06	3.06659e+06	0.000386002	0.000394845	
-24.0807	10.0323	0.685	2.137	2.1396	6.9747	0.034	-0.144713	0.955614	-3.16013	-0.709612	550	-295.1	139563	160981	-51660.6	-69027	3.08916e+06	3.07507e+06	0.000394358	0.000397709	
5.4521	-3.3337	2.2881	-7.6872	-11.7429	8.2643	0.1559	-1.25502	0.337032	-2.37357	-0.899446	550	-295.1	-25248.2	-37667.3	23547.1	21766.3	3.0888e+06	3.0771e+06	0.000390871	0.000395927	
25.4559	10.1776	2.0309	-3.3934	1.5036	3.7169	0.0162	-0.641067	-1.75273	-3.49117	-0.839177	550	-295.1	-150453	-177817	-53154.4	-71481.4	3.08634e+06	3.07425e+06	0.000394451	0.000397617	
-45.4471	-10.8915	3.459	-2.4013	1.8779	5.827	0.0254	1e+10	-117.469	1e+10	-29.0552	1e+10	-295.1	1e+10	-175753	1e+10	-43995.5	1e+10	1.28234e+06	1e+10	0.000528092	
7.956	-17.1689	3.7047	1.002	-7.7419	2.8098	0.0405	-1.62434	-0.363907	-0.0815291	0.753944	550	-295.1	-40756	-53275.4	95608.2	115083	3.08592e+06	3.07105e+06	0.000392271	0.000396685	
-3.5377	6.0943	2.5321	2.6411	-6.6579	6.8471	0.0577	0.4074	0.482137	-1.03658	-0.637995	550	-295.1	17415.6	21215.2	-29078.3	-37907.6	3.08913e+06	3.07579e+06	0.000390977	0.000396507	
12.7691	2.2845	1.8665	-3.1708	1.3659	2.6548	0.0111	-0.312587	-0.877365	0.0572942	-0.269643	550	-295.1	-66549.2	-80969.7	-12512.2	-11493.4	3.08879e+06	3.07859e+06	0.000393186	0.000397503	
-0.7978	-10.3579	4.6774	1.0571	-1.5324	6.3956	0.0261	0.256337	0.0122429	-0.311858	0.555229	550	-295.1	3631.99	3084.21	55975.9	66399.7	3.08449e+06	3.0726e+06	0.000389953	0.000397027	
-0.1073	8.1359	2.2556	3.7808	5.7831	8.5571	0.0711	0.714462	-0.503411	1.47111	-0.061952	550	-295.1	-1375.87	-207.293	-46810	-52648.9	3.0885e+06	3.07625e+06	0.000391158	0.000396385	
71.7738	1.0041	3.2512	-3.2842	-3.0309	4.0777	0.0215	1e+10	195.998	1e+10	3.21326	1e+10	-295.1	1e+10	375973	1e+10	5833.65	1e+10	1.23489e+06	1e+10	0.000539395	
11.2607	-9.6123	0.0195	5.3899	-1.4018	0.0352	0.0182	4.13388	-1.07545	4.7855	-0.377032	550	-295.1	-73218.4	-71516	38806.6	61093.2	3.09243e+06	3.0813e+06	0.000396263	0.000398491	
-9.4191	3.9329	1.7264	-1.0231	0.6546	2.3036	0.004	-0.504115	0.659967	0.0724002	-0.23579	550	-295.1	50796.9	60165.5	-21056.3	-25371.9	3.09011e+06	3.07686e+06	0.000392954	0.000397811	
38.9345	-3.1757	7.466	-2.8984	1.3776	6.9911	0.0348	1e+10	216.022	1e+10	-15.495	1e+10	-295.1	1e+10	420961	1e+10	-29841.5	1e+10	1.18996e+06	1e+10	0.000555365	
18.3073	-16.7321	0.5853	-0.0498	0.5471	6.492	0.025	-1.63886	-0.712109	2.68405	0.54923	550	-295.1	-97544.1	-123983	86923.2	113802	3.0903e+06	3.07613e+06	0.000392089	0.000397785	
-13.9968	-1.0488	2.5222	-1.9368	-3.6164	5.1529	0.0255	-0.463454	0.553299	-0.519723	0.0115007	550	-295.1	76091.9	86968	7248.86	4812.16	3.08847e+06	3.07551e+06	0.00039238	0.000397164	
-15.5188	8.098	6.1768	-3.192	-7.1109	5.2131	0.0517	0.542685	0.621744	-2.66352	-0.887216	550	-295.1	84073.8	104373	-37964.8	-53259.2	3.08097e+06	3.06869e+06	0.000389454	0.000396234	
9.8302	-3.3058	7.7179	4.3874	-0.5677	10.1992	0.0726	0.485014	-0.391182	0.164592	0.754791	550	-295.1	-54593.9	-66427.8	17658.9	20958.8	3.07942e+06	3.06885e+06	0.000386931	0.000395506	
1.7978	3.3653	1.3782	-4.8159	9.495	5.4677	0.0842	-0.806189	0.508426	2.10834	-0.326319	550	-295.1	-7240.18	-14059.2	-22706.1	-21100.6	3.09064e+06	3.07827e+06	0.000391878	0.000396216	
70.8668	-9.7006	2.6256	-4.175	-0.0836	8.6441	0.0542	1e+10	193.426	1e+10	-38.9136	1e+10	-295.1	1e+10	372948	1e+10	-75627.4	1e+10	1.23878e+06	1e+10	0.000539576	
-56.5345	3.833	4.2916	6.0033	-2.1318	5.4212	0.0411	1e+10	-213.278	1e+10	17.8561	1e+10	-295.1	1e+10	-404377	1e+10	34901.5	1e+10	1.22034e+06	1e+10	0.000539916	
20.2315	16.5817	1.8481	2.0909	0.5258	4.444	0.0143	-0.164115	-1.21643	-2.09874	-1.19353	550	-295.1	-117534	-137783	-92077.6	-117082	3.08684e+06	3.07424e+06	0.000393099	0.000397493	
-21.6983	10.2912	1.558	-3.4777	3.3023	1.8783	0.0156	-0.418551	1.18774	-2.50862	-0.603793	550	-295.1	124609	144169	-53915.7	-70180.6	3.08835e+06	3.07512e+06	0.000394181	0.000397918	
-17.0355	4.8327	5.3755	7.2601	3.792	7.6596	0.0739	2.05258	1.15552	-0.292997	-1.2139	550	-295.1	87099.3	111499	-26146.2	-31511.2	3.08352e+06	3.07021e+06	0.000389662	0.000396218	
4.9116	16.5987	0.8671	3.0268	-0.7849	3.7921	0.0142	-0.432759	-0.292456	-0.54116	-0.749333	550	-295.1	-26241.5	-29030.8	-87658.6	-104524	3.09084e+06	3.0769e+06	0.000394627	0.000397977	
-2.8867	10.4318	4.3458	-0.6548	-0.2695	5.7572	0.0198	0.0582011	-0.000990697	-0.023985	-0.698184	550	-295.1	15409.4	18503.2	-55416.1	-66670.7	3.08486e+06	3.07344e+06	0.000390309	0.000397098	
27.0385	-11.9738	1.2267	-7.1131	1.1005	3.449	0.0374	-1.80991	0.019768	3.65097	0.48116	550	-295.1	-163840	-188812	65666.2	80652.7	3.08629e+06	3.0745e+06	0.000395438	0.00039812	
24.2008	-5.1103	5.6645	3.8467	-4.3887	8.4274	0.0618	0.0615137	-0.866869	1.08516	0.72393	550	-295.1	-147647	-170562	29150.2	35672.5	3.0807e+06	3.06793e+06	0.000391144	0.000395993	
-6.4826	-1.1401	8.873	4.5082	-8.538	12.4674	0.1462	1.0415	-0.0750114	-1.51837	0.420091	550	-295.1	32368.7	44118.1	10526.8	5705.49	3.07731e+06	3.06518e+06	0.000385419	0.000393905	
9.9927	1.7211	9.3467	1.7403	-1.5433	6.9615	0.0317	-0.0887609	-0.79107	-0.475391	-0.258579	550	-295.1	-54231.6	-67412.1	-8218.88	-9425.22	3.07606e+06	3.06616e+06	0.000386335	0.00039505	
12.6775	15.1302	8.6087	1.9724	3.6813	6.8828	0.0381	-1.79967	-0.632823	-1.46168	-1.43886	550	-295.1	-67018.2	-90555.8	-81905.5	-106414	3.07763e+06	3.06278e+06	0.000386879	0.000396543	
-37.2726	1.0522	8.8975	4.9562	0.5506	11.951	0.0986	1e+10	-224.069	1e+10	6.2711	1e+10	-295.1	1e+10	-432912	1e+10	12267.4	1e+10	1.16798e+06	1e+10	0.000570895	
15.6741	1.3383	7.7415	0.4791	-8.2293	9.745	0.0958	-0.496631	-1.02519	-1.70525	0.329925	550	-295.1	-84976.4	-106749	-2748.32	-6908.27	3.07848e+06	3.0666e+06	0.000387318	0.000394959	
47.6963	15.0243	1.5669	-2.9039	-1.9067	3.3207	0.0136	1e+10	168.233	1e+10	49.9448	1e+10	-295.1	1e+10	319113	1e+10	93790.9	1e+10	1.25543e+06	1e+10	0.000539952	
-33.791	21.3015	0.449	-1.2744	3.3132	3.7268	0.0156	1e+10	89.2376	1e+10	-52.5132	1e+10	-295.1	1e+10	1.25999e+06	1e+10	-758387	1e+10	2.66103e+06	1e+10	0.00042159	
15.5498	7.4999	1.0845	-2.2646	-1.7174	2.5857	0.0087	-1.07636	-0.872432	-1.505	0.303089	550	-295.1	-80459.9	-99733.4	-37118	-46971.1	3.09005e+06	3.07621e+06	0.000394622	0.000398027	
-16.1826	3.5222	9.7914	7.6464	-4.609	7.4149	0.0792	2.11859	1.84887	-1.40249	0.178666	550	-295.1	83757.9	108665	-15999.2	-26774.9	3.07453e+06	3.06297e+06	0.000386359	0.000395576	
3.1788	14.2782	5.6501	8.0292	3.3633	7.5273	0.0778	0.971538	-0.51699	0.162866	0.386202	550	-295.1	-20528.8	-19157.6	-78424.9	-97122.6	3.08191e+06	3.07026e+06	0.000389352	0.000396794	
52.2909	-10.934	1.7856	-4.2866	-0.9464	2.9898	0.0166	1e+10	197.706	1e+10	-37.2452	1e+10	-295.1	1e+10	381669	1e+10	-70866.5	1e+10	1.24094e+06	1e+10	0.000542455	
2.9526	4.812	6.2515	-5.0121	0.2535	4.7851	0.0283	-0.981659	-0.316462	0.0206791	-1.21187	550	-295.1	-13167	-20080.6	-25565.8	-29247.3	3.0821e+06	3.07004e+06	0.000388594	0.000397114	
-8.7891	-0.0307	0.0514	-6.1684	-2.6738	2.8379	0.0313	-2.089	1.08547	-0.508201	-0.668038	550	-295.1	51169.4	52967.6	1526.74	559.203	3.09292e+06	3.07968e+06	0.00039393	0.000397883	
-11.3023	-8.5493	2.3295	1.2362	-0.6107	3.1849	0.0071	0.667798	0.397762	0.509802	0.239301	550	-295.1	58790.7	70194.5	44820.1	52285.7	3.0886e+06	3.07676e+06	0.00039286	0.000397631	
-12.9771	2.5044	1.3351	1.5465	1.3774	1.4306	0.0037	-0.166282	0.175111	0.0739599	-0.165943	550	-295.1	68867.1	81540.4	-13754.7	-16846.5	3.09015e+06	3.07794e+06	0.000393885	0.000398063	
16.0572	-26.295	8.5781	-2.2888	-12.2783	11.7099	0.1723	-16.2895	-48.0076	25.6447	78.7428	550	-295.1	-83579.1	-686852	158833	1.12749e+06	3.07098e+06	2.73116e+06	0.000395778	0.000428862	
-56.5261	-17.2693	1.9979	-3.7351	-4.5211	8.1066	0.0588	1e+10	-220.993	1e+10	-71.2085	1e+10	-295.1	1e+10	-423462	1e+10	-137401	1e+10	1.22527e+06	1e+10	0.00054354	
-40.8203	9.5067	3.7088	4.4492	-1.2806	5.5889	0.031	1e+10	-131.568	1e+10	33.7417	1e+10	-295.1	1e+10	-219983	1e+10	57796	1e+10	1.26865e+06	1e+10	0.000532629	
10.1035	9.1581	0.8904	-5.3445	2.018	7.6391	0.0535	-1.19663	-0.956101	0.157809	-0.06347	550	-295.1	-50501.9	-61753.1	-49181.7	-56442.8	3.09097e+06	3.07851e+06	0.000393169	0.000397033	
-13.6694	7.0904	2.2374	-0.4606	2.8429	4.0539	0.0145	0.376884	0.383059	-0.308032	-0.446006	550	-295.1	72552	86886.6	-38046.7	-45096.8	3.08781e+06	3.076e+06	0.000392986	0.000397415	
-24.0777	8.8313	3.3117	8.0383	0.5449	5.1862	0.054	0.938844	-0.134315	-2.68908	0.274354	550	-295.1	135255	172237	-45268.3	-66895.9	3.08479e+06	3.07194e+06	0.000392787	0.000396764	
4.2966	-1.3371	2.1776	2.3307	-6.5859	6.7544	0.0555	0.713326	-0.284127	-1.33651	-0.486168	550	-295.1	-24085.4	-28287.3	10423.6	8123.5	3.08911e+06	3.077e+06	0.000391115	0.000396499	
-9.5891	-8.6538	5.5797	-2.7146	-2.3782	4.7205	0.0208	0.0737728	-0.0405298	0.153798	0.54394	550	-295.1	51958.1	61849.4	46733.6	53947.7	3.08246e+06	3.07118e+06	0.000389731	0.0003971	
-7.1784	12.5541	1.8311	3.7115	-3.7433	6.1738	0.0387	1.261	1.01041	-0.887031	-0.582852	550	-295.1	35301.1	45759.8	-64336.4	-79365.4	3.08867e+06	3.07778e+06	0.000392713	0.000396882	
-19.5969	5.1952	3.2173	-2.0599	5.2061	5.8325	0.0384	0.586219	0.444119	-0.663276	-0.746534	550	-295.1	107046	131481	-28416.9	-37046.5	3.08549e+06	3.0732e+06	0.000392181	0.000396897	
22.0203	19.668	1.38	-6.7471	-1.1278	7.2715	0.0586	-2.27184	-0.480246	-1.82824	-0.286624	550	-295.1	-135028	-160436	-122276	-144660	3.08596e+06	3.0724e+06	0.00039457	0.000398515	
5.2042	9.9859	2.7025	-3.485	2.5624	3.4364	0.0179	-0.869659	-0.372204	0.561768	0.159704	550	-295.1	-25531.8	-32229.7	-54389.8	-63136.7	3.08805e+06	3.07632e+06	0.000392083	0.000397496	
-7.1405	9.3091	2.5694	4.2006	7.0434	6.9456	0.0679	1.04523	-0.0437786	1.23527	-0.274472	550	-295.1	35469.6	48444.8	-52933.6	-59579.3	3.0878e+06	3.07536e+06	0.000391615	0.000396554	
49.7276	-12.5221	2.6517	1.293	7.1647	6.8276	0.0586	1e+10	179.359	1e+10	-44.4442	1e+10	-295.1	1e+10	342962	1e+10	-84765.2	1e+10	1.24621e+06	1e+10	0.000537554	
-25.3719	-2.7029	7.8507	0.3996	-3.0886	6.743	0.0324	1.17327	3.41594	0.425035	0.167678	550	-295.1	155566	193596	16371.2	19438.7	3.07617e+06	3.06233e+06	0.000390031	0.000397682	
-36.401	-10.4486	2.7258	-4.276	-2.2839	5.4225	0.0311	1e+10	-167.438	1e+10	-45.2057	1e+10	-295.1	1e+10	-320510	1e+10	-86082	1e+10	1.24196e+06	1e+10	0.000547254	
9.1184	1.808	0.1355	-4.4852	-5.1457	4.6215	0.0399	-0.107738	-1.1269	-0.940555	0.0704146	550	-295.1	-46724.9	-55662.4	-6996.06	-10843.4	3.093e+06	3.08025e+06	0.000393448	0.000397202	
-12.3374	-3.1948	5.0794	-4.7839	-0.8337	7.7372	0.049	-0.650833	-0.448945	0.192848	0.3296	550	-295.1	68395.4	79707.5	17041.5	17783.2	3.08317e+06	3.07158e+06	0.000389604	0.000396761	
29.7501	-12.1704	3.5456	8.106	-2.4789	2.4611	0.0458	1e+10	139.694	1e+10	-64.6389	1e+10	-295.1	1e+10	252157	1e+10	-118565	1e+10	1.23597e+06	1e+10	0.000558748	
-20.4634	-21.9527	0.1361	0.9873	0.6345	0.3676	0.0009	4.01954	1.88097	5.36651	1.66408	550	-295.1	138190	147702	150240	155566	3.08773e+06	3.08146e+06	0.000398132	0.000397348	
-7.4709	14.4746	5.2972	2.1425	0.0725	7.6404	0.037	1.47549	0.314234	-0.821296	-0.872776	550	-295.1	37393.5	51040.4	-76728.1	-94540.8	3.08356e+06	3.06974e+06	0.000389679	0.000396588	
