25.9318	7.2327	1.1	-5.1855	6.7521	2.6577	0.0468	-0.284638	-4.6113	-1.89762	-0.459956	550	-295.1	-153541	-129910	-40459.5	-34596.6	3.08699e+06	3.06276e+06	0.000395759	0.000382114	
2.3497	12.7702	1.7104	0.1291	-2.1249	6.6403	0.0286	-0.169637	-0.250686	-0.0875927	-1.44361	550	-295.1	-12244	-11067.6	-67177.6	-61465.9	3.09009e+06	3.06404e+06	0.00039258	0.000378713	
66.067	6.3482	1.397	-6.1771	1.9789	1.9539	0.027	1e+10	-32.0498	1e+10	-2.77569	1e+10	-295.1	1e+10	-437029	1e+10	-41446	1e+10	3.03398e+06	1e+10	0.000415924	
-4.3837	3.6057	1.3112	4.5384	-6.5445	3.7283	0.0455	0.575649	1.04449	-1.02781	0.431416	550	-295.1	21124.4	22243	-15980.2	-15225.2	3.09139e+06	3.06552e+06	0.000392276	0.000377891	
-4.0196	1.4732	4.639	-2.6346	2.6184	7.3286	0.0397	-0.586306	1.13616	0.516662	-0.0180504	550	-295.1	22594.3	21057.4	-9061.14	-6643.21	3.0847e+06	3.05996e+06	0.000389239	0.000377099	
-27.1125	-14.1386	0.3261	-0.7561	-2.2312	3.4918	0.0104	4.83618	4.05143	4.97016	2.28999	550	-295.1	178780	134592	88290.7	71142.7	3.08612e+06	3.0632e+06	0.000397523	0.000384059	
7.0917	-8.1807	4.1866	-4.8489	-8.2436	3.0614	0.0593	-1.17115	-0.0248522	-1.35092	0.872904	550	-295.1	-34958.6	-32288.7	47461.6	39640	3.08495e+06	3.06003e+06	0.000390945	0.000377908	
18.2395	-11.0638	4.9442	6.4734	2.5867	3.6143	0.0362	-0.681913	-2.10225	3.09552	2.56103	550	-295.1	-100723	-89555.1	54698.9	57742.5	3.08264e+06	3.0576e+06	0.000391101	0.000381343	
-15.4189	-4.4829	4.5642	4.4258	1.0476	6.0276	0.0335	1.26244	3.33836	0.918464	1.18593	550	-295.1	79837.9	78643.2	22333.3	23400.8	3.08375e+06	3.05884e+06	0.000390556	0.000379239	
-0.476	8.0263	2.1238	-0.7431	3.0295	4.3186	0.0167	-0.1302	0.0757597	0.981677	-0.73157	550	-295.1	2870.77	2546.33	-44480.1	-38055.2	3.08987e+06	3.0639e+06	0.000392014	0.000378304	
-15.5037	0.7967	2.6853	-5.6494	1.0145	6.6032	0.045	-0.933366	1.5041	0.0283041	0.988015	550	-295.1	86550.1	74198.2	-4571.78	-1419.81	3.08804e+06	3.06222e+06	0.000392236	0.000379284	
0.5447	3.6766	2.5128	-0.7464	1.0839	2.5119	0.0047	-0.116277	-0.207	0.411064	-0.373298	550	-295.1	-2530.94	-2858.6	-20091.8	-17276.1	3.08907e+06	3.0635e+06	0.000391684	0.000378404	
4.0162	5.4431	2.9953	0.1745	1.4856	2.2813	0.0044	0.105351	-0.487814	0.421578	-0.565114	550	-295.1	-21341.8	-19378.2	-29606.8	-25750.1	3.08873e+06	3.06255e+06	0.000391735	0.000378593	
-13.6813	2.3991	0.1727	3.2002	-4.9258	3.1945	0.0263	-0.00707276	0.870018	-1.11372	0.333303	550	-295.1	71811.6	63626.4	-9877.11	-10172.1	3.09147e+06	3.06673e+06	0.000394688	0.000379541	
-24.3155	-2.0177	2.6632	-2.7665	6.9465	4.476	0.0446	-0.876918	3.35373	1.80337	0.173587	550	-295.1	146872	120063	6122.79	9895.39	3.08454e+06	3.06072e+06	0.000394061	0.000381508	
-25.9288	3.0819	1.8434	0.6735	-4.6596	5.4205	0.0303	-0.351246	4.03047	-1.95606	-0.347356	550	-295.1	158804	128890	-12681.2	-15032.2	3.08658e+06	3.06177e+06	0.000395012	0.000381929	
-8.1539	-15.1916	0.989	9.1979	-2.5668	1.4265	0.0548	2.92795	-0.268355	0.222574	3.33163	550	-295.1	36629.3	36193.7	81119	77008.6	3.09072e+06	3.06456e+06	0.000394959	0.000380369	
13.92	7.2969	2.7938	-4.894	1.7881	4.9798	0.0305	-1.43746	-2.43593	-0.548546	-1.90977	550	-295.1	-70826.4	-69289.2	-38396.1	-37607.6	3.08738e+06	3.0618e+06	0.000392331	0.000379504	
10.3137	35.2623	3.762	4.1668	5.1174	4.8353	0.0393	1e+10	-2.51815	1e+10	-9.20653	1e+10	-295.1	1e+10	-54765.8	1e+10	-188987	1e+10	3.05482e+06	1e+10	0.000388113	
6.0488	-5.4869	8.1771	3.9369	-4.314	7.3806	0.0521	0.445273	-0.6218	-0.540175	1.75079	550	-295.1	-33957.9	-29380.6	31167.4	29901.8	3.07847e+06	3.05418e+06	0.000386933	0.000374495	
-22.9198	-1.7669	1.239	-3.9173	-3.8748	4.8704	0.0318	-1.2215	3.68788	-0.0184457	0.731185	550	-295.1	134623	113305	10983.5	9827.14	3.08823e+06	3.06344e+06	0.000394249	0.000381057	
2.0569	2.496	0.8835	-1.2453	2.748	5.2136	0.0213	-0.051001	-0.134593	0.763386	-0.445845	550	-295.1	-10418.5	-9534	-14721.6	-11950	3.09263e+06	3.06632e+06	0.000392098	0.000378205	
27.6336	1.9718	4.8122	0.2013	-0.934	4.5614	0.0128	-2.19716	-5.77107	-1.00256	-0.36861	550	-295.1	-174898	-142871	-9793.31	-9902.06	3.07919e+06	3.05614e+06	0.000393978	0.000383943	
-7.4696	3.2507	1.4856	-0.3613	0.6178	2.6568	0.0045	-0.435719	0.677077	0.177825	-0.367362	550	-295.1	40524.7	35247.5	-17723.8	-15699.3	3.09006e+06	3.06504e+06	0.000392783	0.000378872	
-26.6482	12.9054	6.292	-0.4971	-4.4271	4.8594	0.0255	4.30745	6.43188	-5.03725	-3.04741	550	-295.1	171396	140828	-72905.3	-68247.4	3.07762e+06	3.05329e+06	0.000393254	0.000384322	
18.6702	13.0145	2.7247	3.4987	12.3207	3.8488	0.1051	-1.27623	-2.49983	-1.02774	-2.67422	550	-295.1	-101851	-91837.2	-72924.7	-66201.1	3.08633e+06	3.06077e+06	0.000392753	0.000380171	
31.0781	7.4728	3.3827	7.1854	-0.3626	4.7201	0.0435	-17.1218	-7.75391	-2.40952	-1.08704	550	-295.1	-212587	-163603	-37240.1	-37770.8	3.07942e+06	3.05721e+06	0.000399473	0.000385571	
6.6258	-6.1667	7.1335	1.8895	-2.8905	5.2103	0.023	0.0781815	-1.51233	-0.265225	0.902741	550	-295.1	-35976.9	-34088.6	34008.6	30909.8	3.08118e+06	3.0557e+06	0.000388128	0.000376377	
23.4907	-3.2784	0.1959	-4.7211	3.4097	4.477	0.0317	0.562701	-2.09483	1.64602	1.14101	550	-295.1	-132773	-112070	14349.4	17925.1	3.09002e+06	3.0652e+06	0.000394759	0.000381703	
-10.0067	-5.4628	5.586	-4.8302	-4.2413	10.2996	0.0866	-0.5945	2.7159	-0.389246	1.17056	550	-295.1	55656.9	52319	30815.2	28076.7	3.08246e+06	3.058e+06	0.000388554	0.000376919	
-54.9166	7.0742	3.2552	4.401	-3.9488	4.286	0.0313	1e+10	20.3558	1e+10	-3.39344	1e+10	-295.1	1e+10	324867	1e+10	-42543.9	1e+10	3.04459e+06	1e+10	0.000404453	
-9.1237	2.4549	5.7096	1.1773	-2.9897	5.1976	0.0219	0.282856	1.45767	-0.687652	-0.210405	550	-295.1	47874.5	45355.3	-11399.7	-11946.1	3.08282e+06	3.05785e+06	0.000389234	0.000377568	
4.8969	-0.9964	9.6782	-8.8725	-7.1671	7.0172	0.1054	-1.84969	0.0941876	-1.27088	1.68622	550	-295.1	-21225.6	-22501.8	8469.34	8992.34	3.076e+06	3.05203e+06	0.000385744	0.000372167	
4.7159	28.0156	7.0433	4.279	4.2979	9.2248	0.0716	-1.95405	-0.514896	-4.82512	-7.52715	550	-295.1	-27647.8	-23532.7	-182834	-149966	3.07485e+06	3.05254e+06	0.000391865	0.000382199	
-7.4707	6.5166	1.2918	-6.4429	-7.0552	2.7329	0.058	-1.4437	-0.421592	-1.24268	0.107871	550	-295.1	43038.4	32532.3	-31015.3	-29369.8	3.09007e+06	3.0651e+06	0.000393095	0.000378387	
42.8805	-23.6581	6.8769	-1.3354	0.2615	10.7413	0.0689	1e+10	-15.9628	1e+10	9.04031	1e+10	-295.1	1e+10	-250537	1e+10	138703	1e+10	3.04372e+06	1e+10	0.0003999	
-0.9365	1.5402	0.8111	1.717	1.9743	2.7687	0.0085	0.240864	0.373475	0.547774	-0.342681	550	-295.1	4009.96	5141.16	-9767.49	-7418.17	3.09161e+06	3.06651e+06	0.000392526	0.000378606	
11.7021	1.834	1.8858	-3.1328	-0.3678	3.231	0.012	-0.224344	-0.723183	-0.180256	-0.464992	550	-295.1	-60910.2	-54800.3	-9353.75	-9095.77	3.09002e+06	3.0637e+06	0.000392864	0.000379193	
16.0338	-0.542	2.0745	0.1744	-2.8707	2.853	0.0096	-0.194642	-1.99368	-0.406785	0.0650367	550	-295.1	-85740.6	-77643.1	4216.7	2964.99	3.08818e+06	3.063e+06	0.000393545	0.000379736	
0.3717	18.2023	6.8604	0.3025	7.1182	4.8713	0.0438	-0.0467786	-0.0458886	0.383047	-3.74224	550	-295.1	-2037.89	-1674.57	-103500	-93659.3	3.07998e+06	3.05487e+06	0.000389383	0.000378361	
48.9168	-13.5344	6.8271	5.1528	3.5026	5.7314	0.0421	1e+10	-19.6727	1e+10	5.52159	1e+10	-295.1	1e+10	-289232	1e+10	80088.2	1e+10	3.04244e+06	1e+10	0.000402729	
-10.7979	-3.1064	1.6496	-1.7479	-4.1448	2.3216	0.0151	-0.669422	1.26348	-0.643175	0.718772	550	-295.1	58715.8	51814.5	18410	15768.2	3.08967e+06	3.06437e+06	0.000393156	0.0003788	
-17.9938	11.2466	4.9957	2.4429	3.6974	3.5261	0.0189	2.48842	3.8385	-1.91832	-2.07816	550	-295.1	93345	92098.7	-58748.1	-57120.1	3.08318e+06	3.05715e+06	0.000390925	0.000381038	
-7.9382	-3.8728	4.5603	-3.0225	-9.1409	6.3388	0.0781	-0.533605	0.554876	-1.58126	0.748759	550	-295.1	43735.7	37456.9	24973.3	19569.9	3.08444e+06	3.05976e+06	0.000389857	0.000377034	
-3.8238	16.9922	4.4063	-2.8192	0.7544	5.4785	0.0226	0.328594	0.200863	-0.488801	-3.25992	550	-295.1	20764.7	18054.3	-91584.6	-86084.4	3.08498e+06	3.05893e+06	0.000391021	0.000379831	
-4.7435	2.0102	2.5755	1.6072	0.9256	2.7103	0.0063	0.175389	0.846751	0.258907	-0.408436	550	-295.1	24355.1	23448.3	-11114.1	-10011.4	3.08828e+06	3.06339e+06	0.000391593	0.000378447	
-10.4673	-10.2703	1.1928	-1.4597	-0.0158	4.4533	0.0129	0.193378	1.00097	0.523924	0.798969	550	-295.1	55669.5	49477.6	53758.6	48743.4	3.09045e+06	3.06458e+06	0.000393776	0.000379506	
30.9535	13.1247	3.5575	2.3418	-1.5571	4.7164	0.0177	1e+10	-6.49547	1e+10	-2.49065	1e+10	-295.1	1e+10	-161246	1e+10	-68012.8	1e+10	3.05641e+06	1e+10	0.000386692	
-15.723	10.4324	4.1497	3.3335	0.0716	7.0242	0.0355	2.08337	2.99912	-1.79333	-2.27574	550	-295.1	80463.8	79176	-53141.9	-53342.9	3.08468e+06	3.05905e+06	0.00039089	0.000379936	
-35.4994	17.6558	6.0582	-1.3493	6.4245	5.5522	0.0435	1e+10	10.3905	1e+10	-5.02494	1e+10	-295.1	1e+10	195782	1e+10	-97238.4	1e+10	3.05002e+06	1e+10	0.000391139	
2.9083	-0.2309	3.3369	-6.3677	-7.6967	4.6081	0.0711	-1.08265	-1.74622	-1.49642	0.273003	550	-295.1	-12392.8	-17402.2	4969.17	2023.79	3.08698e+06	3.06206e+06	0.000390522	0.000377183	
-18.5958	20.5628	2.6921	4.0997	6.1908	3.2136	0.0385	2.42101	2.92157	0.00250354	-2.81255	550	-295.1	108674	93146.1	-129450	-102584	3.08436e+06	3.05994e+06	0.000394144	0.000383056	
-2.8181	3.5264	6.6548	1.3456	6.6956	12.0229	0.1124	0.282018	0.343397	1.2234	-0.393896	550	-295.1	13907.7	13796.4	-22144.7	-17070.6	3.0812e+06	3.05673e+06	0.000386961	0.000374943	
-17.5896	2.3866	5.761	-3.6695	-2.0893	7.5781	0.0442	0.0508879	2.78332	-0.929743	-0.993927	550	-295.1	97272.2	88020.2	-10982.8	-13367.3	3.08227e+06	3.05677e+06	0.000389642	0.000379175	
5.9929	5.0951	1.7489	-0.7211	5.2979	9.5121	0.07	0.0575883	-0.511994	1.17428	-0.398147	550	-295.1	-31515.4	-28339.5	-29697.8	-23647.6	3.09038e+06	3.06462e+06	0.000391226	0.000377379	
1.1959	1.3806	2.4554	0.672	1.9501	4.9745	0.017	0.215978	-0.104563	0.47657	-0.248708	550	-295.1	-6864.45	-5626.08	-8775.14	-6489.38	3.08859e+06	3.06365e+06	0.000391026	0.000377877	
16.6926	20.5838	7.164	4.7779	4.9157	4.9824	0.0422	-2.1767	-3.23206	-0.998185	-4.49224	550	-295.1	-99350.6	-86359.7	-126720	-107803	3.07728e+06	3.05294e+06	0.000390855	0.000381879	
-13.8119	12.9525	4.2585	5.6128	3.4217	11.7529	0.1066	2.81874	2.89668	-1.17719	-3.15919	550	-295.1	68539.5	70231.8	-68463.1	-67091.3	3.08411e+06	3.05872e+06	0.000389857	0.000379089	
-2.3917	17.2295	1.937	0.7628	2.4262	2.9104	0.0088	0.698806	0.340834	0.159315	-2.35797	550	-295.1	11442.2	11762.3	-93881	-84276.1	3.08803e+06	3.06313e+06	0.000393872	0.00038008	
-19.5819	15.3543	3.1371	0.0837	-1.9956	2.3816	0.0057	0.590261	3.26241	-3.89188	-2.63672	550	-295.1	108003	98012.8	-78516.8	-77553.3	3.08638e+06	3.05973e+06	0.000393282	0.000382642	
-6.603	19.8205	2.5708	-6.4749	3.2808	3.2466	0.0372	0.785371	2.20263	-0.233446	-2.20455	550	-295.1	36310.6	35462.8	-109464	-96463.5	3.08731e+06	3.06155e+06	0.000393197	0.000380987	
8.4668	1.5608	2.9099	-0.8166	5.5595	4.6831	0.0315	0.127179	-0.998322	1.02615	-0.325789	550	-295.1	-44752.1	-40875.6	-10969	-7526.25	3.0887e+06	3.06241e+06	0.000391361	0.000377976	
34.9736	5.0124	6.0514	-6.8936	-10.1432	4.395	0.0998	1e+10	-10.7132	1e+10	-1.20607	1e+10	-295.1	1e+10	-191665	1e+10	-26661.1	1e+10	3.05168e+06	1e+10	0.000386983	
-20.5585	12.7676	2.5823	-5.4267	-1.3582	3.4767	0.0255	-0.0951062	2.06133	-3.57828	-2.20206	550	-295.1	117234	99501.9	-64574.7	-64323.2	3.08588e+06	3.06081e+06	0.000393002	0.000382296	
-11.8473	10.8009	3.7521	-4.0785	-1.1708	4.2809	0.0214	0.286625	2.63468	-1.32864	-1.55071	550	-295.1	63958.9	60251.4	-55532.3	-53228.7	3.08521e+06	3.06011e+06	0.000391586	0.000379727	
12.0148	-3.6881	2.0812	-3.9718	9.5679	4.285	0.0739	-0.498424	-2.18408	2.02821	-0.00195328	550	-295.1	-61941.2	-59710	14340.2	16929.9	3.08937e+06	3.06333e+06	0.000392559	0.000378009	
26.6619	5.1633	0.4702	2.5819	-1.226	0.8254	0.0052	0.273198	-3.855	-2.60468	-1.21034	550	-295.1	-170965	-131368	-25271.6	-26410.6	3.08714e+06	3.06389e+06	0.000396787	0.000383295	
-39.4611	7.5392	1.2849	-4.1156	1.552	5.2368	0.0275	1e+10	8.59503	1e+10	-2.43828	1e+10	-295.1	1e+10	207327	1e+10	-41057.3	1e+10	3.05825e+06	1e+10	0.000388528	
-65.7807	0.0752	2.8554	-1.4771	0.9534	3.7526	0.0101	1e+10	33.0263	1e+10	0.160219	1e+10	-295.1	1e+10	434843	1e+10	30.455	1e+10	3.03179e+06	1e+10	0.000418319	
-13.3951	-0.1289	2.5485	-3.9237	3.6077	5.9334	0.0374	-0.882311	0.868973	0.673759	-0.0522413	550	-295.1	74606.5	63036.8	-1007.16	434.072	3.08755e+06	3.06266e+06	0.000392123	0.000378797	
12.2638	0.7301	3.0442	0.6322	-2.4009	2.7525	0.0081	0.281524	-1.64483	-0.509623	0.0677835	550	-295.1	-65912.8	-59803.2	-2505.65	-2841.64	3.08688e+06	3.06163e+06	0.000392122	0.000379145	
13.3963	2.7063	4.5326	-2.1983	-7.7375	5.9066	0.0585	-0.542451	-2.56246	-1.72907	-0.649775	550	-295.1	-70322.2	-67568.6	-10097.4	-13672.7	3.08441e+06	3.05904e+06	0.000390385	0.000378125	
5.7403	7.1065	4.3278	-3.1202	2.4449	5.0608	0.0243	-0.700338	-0.927113	0.400884	-1.65747	550	-295.1	-28490.7	-28469.7	-38797.5	-36063.3	3.08617e+06	3.06019e+06	0.000390247	0.000378105	
18.8301	1.6619	2.9187	3.3598	2.0868	4.9594	0.0237	0.133836	-3.4561	-0.143667	-0.404835	550	-295.1	-103935	-94375.9	-9272.91	-8282.12	3.08599e+06	3.06109e+06	0.000392716	0.000380259	
-16.9601	8.2301	1.0458	3.6369	-1.7469	3.2764	0.0159	1.84498	1.74989	-1.98139	-1.74436	550	-295.1	86269.6	80949.1	-40163.2	-41512.7	3.08952e+06	3.0646e+06	0.000394608	0.000380537	
-57.5521	-10.2132	3.2394	1.6121	-0.9459	2.9014	0.007	1e+10	22.791	1e+10	3.8831	1e+10	-295.1	1e+10	348283	1e+10	61921.2	1e+10	3.04186e+06	1e+10	0.000408656	
-0.9835	-10.1924	1.5322	2.8817	-4.0981	1.3658	0.0158	0.580509	0.738619	-1.25266	0.994025	550	-295.1	3689.36	6068.34	56862.5	48695.8	3.0895e+06	3.06454e+06	0.00039333	0.000378782	
-14.5341	10.0503	2.1315	-2.3406	-0.2376	5.6565	0.0221	0.771372	2.35332	-1.53873	-1.34938	550	-295.1	77031.3	71559.6	-51247.7	-49080.9	3.08823e+06	3.0626e+06	0.000393063	0.000379775	
14.1111	-12.5789	3.2057	1.3138	-6.2091	2.8401	0.0284	-1.64829	-2.36948	0.832542	2.0497	550	-295.1	-73499.4	-70305	67789.9	62993.7	3.08689e+06	3.06043e+06	0.000392651	0.000380058	
2.9591	4.1936	4.5551	3.2347	0.8636	3.497	0.0138	0.652855	0.0914485	0.225599	-0.0896023	550	-295.1	-17247.7	-13271.7	-22641.7	-19094.4	3.08521e+06	3.06e+06	0.000390072	0.000378016	
-7.4658	1.1867	4.841	-2.0949	3.8543	7.4682	0.0441	-0.469779	1.57536	0.686037	-0.0506906	550	-295.1	40709.5	37869.9	-8281.26	-5628.06	3.08414e+06	3.05947e+06	0.000389325	0.000377223	
-38.3038	6.6286	7.1627	-5.8219	-4.0091	7.931	0.0663	1e+10	11.3696	1e+10	-1.0517	1e+10	-295.1	1e+10	212009	1e+10	-34951.6	1e+10	3.04889e+06	1e+10	0.000389861	
2.7408	4.9134	4.8337	5.3514	2.4158	5.4376	0.0376	1.01868	-1.18268	0.501106	-1.5543	550	-295.1	-17114.1	-15306.3	-27232.2	-25821.6	3.08473e+06	3.05955e+06	0.000389531	0.000377499	
-8.4604	33.4478	1.9063	-2.0874	3.2047	2.4499	0.0121	1e+10	1.96427	1e+10	-6.26859	1e+10	-295.1	1e+10	44202.8	1e+10	-172371	1e+10	3.05908e+06	1e+10	0.000386106	
-11.4584	0.4095	3.1834	-1.28	5.1961	5.4571	0.0343	-0.413627	1.33952	0.9252	-0.247776	550	-295.1	61906.8	55392.5	-4736.26	-2536.08	3.08757e+06	3.06164e+06	0.000391376	0.000378302	
-14.6653	-2.8532	1.7973	-4.2477	-4.3232	2.2696	0.0246	-0.797742	1.29931	-0.363497	1.16208	550	-295.1	81003.5	69597.6	16905.5	15633.9	3.08898e+06	3.0638e+06	0.000393785	0.000379392	
-8.125	13.4459	1.5772	2.7167	-0.7238	7.9886	0.0422	1.35078	0.325765	-0.594519	-1.68759	550	-295.1	40369.2	37395.5	-70369.2	-65295	3.09027e+06	3.06393e+06	0.000392853	0.000379042	
26.002	-11.205	3.5918	-3.3309	2.6759	5.0113	0.0255	-1.40319	-5.03984	4.09781	1.51473	550	-295.1	-156799	-133061	58522.2	56537	3.08327e+06	3.0581e+06	0.000393697	0.000383803	
5.3057	-3.6172	3.9689	-3.7138	-4.9685	3.7056	0.0307	-0.620218	-1.25743	-0.985734	-0.0687391	550	-295.1	-26293.6	-27117.9	21568.9	16644.1	3.08629e+06	3.06093e+06	0.000390511	0.000377738	
14.2099	17.2037	0.2805	-0.7142	1.7486	1.1208	0.0028	-4.34788	-1.50647	-3.27942	-2.04458	550	-295.1	-70360.6	-68248.6	-87505.3	-83380.6	3.09078e+06	3.06526e+06	0.000395142	0.000381875	
-24.4767	5.1089	2.1718	3.5829	2.0169	3.7674	0.0183	-0.205488	3.04639	-1.46307	-0.623715	550	-295.1	142625	120029	-26979.1	-25063.5	3.0865e+06	3.06151e+06	0.000394261	0.000382228	
42.3956	-14.5106	6.5253	4.4754	-1.1447	4.9145	0.0267	1e+10	-14.3037	1e+10	4.0732	1e+10	-295.1	1e+10	-241198	1e+10	81499.2	1e+10	3.04675e+06	1e+10	0.000396817	
-11.3146	14.7785	0.8538	-4.2564	-1.953	1.1138	0.0136	0.962004	1.15468	-1.94871	-0.781216	550	-295.1	59713.3	53974.7	-75057.1	-69384.3	3.09064e+06	3.06492e+06	0.000395398	0.000380828	
25.8531	-9.5578	4.0092	1.6018	-1.3075	5.3586	0.0194	-1.07659	-4.96139	3.59639	1.59881	550	-295.1	-158914	-132244	50715.2	48887.6	3.0824e+06	3.05769e+06	0.000393386	0.000383546	
-1.2647	12.5222	4.0218	0.9784	-1.5458	5.5365	0.02	0.308317	0.383619	-0.280526	-2.01946	550	-295.1	6053.16	6915.14	-66007.6	-62153.8	3.08562e+06	3.06013e+06	0.000390803	0.000378738	
-24.9421	-10.6526	2.8109	-1.6316	-1.7452	4.4795	0.0152	0.379814	4.58663	3.52958	1.96654	550	-295.1	151032	126177	56592.2	54303.7	3.08494e+06	3.05968e+06	0.000393952	0.000383064	
-15.4986	-11.4236	1.4355	-0.4066	-0.6918	4.9761	0.0149	1.68661	1.93223	1.87762	1.51613	550	-295.1	79990.5	75066.4	58076.8	56047.4	3.08917e+06	3.06361e+06	0.000393994	0.000380299	
-70.6084	-3.3322	2.0208	6.2066	7.9263	4.8218	0.0732	1e+10	14.6926	1e+10	0.965867	1e+10	-295.1	1e+10	285508	1e+10	18980.7	1e+10	3.05083e+06	1e+10	0.000396897	
0.4097	9.8852	2.5672	3.7505	1.6249	4.6209	0.0224	0.67682	0.818568	0.631969	-1.11029	550	-295.1	-4013.97	313.02	-53685.1	-47510.7	3.0878e+06	3.06296e+06	0.00039184	0.000378563	
-3.7401	1.7358	0.2514	-1.2472	0.4382	0.3109	0.0011	-0.478276	0.244756	0.181221	-0.409968	550	-295.1	20281.8	17306	-9326.73	-8666.05	3.09261e+06	3.06743e+06	0.000391643	0.000379458	
-14.7081	2.6116	4.3863	-3.5485	3.9743	11.8435	0.0991	-0.349342	2.8335	0.314146	-1.02364	550	-295.1	80774.4	74228.4	-15456.3	-14454.7	3.08508e+06	3.05924e+06	0.000389658	0.000377947	
19.568	7.4944	0.3815	3.7184	7.9166	1.3999	0.0461	-0.734961	-1.57278	-0.85034	-1.36212	550	-295.1	-105143	-92653	-40832.2	-37306.5	3.09022e+06	3.06542e+06	0.000394627	0.000380483	
58.7789	-1.698	0.1782	-2.2312	-6.7413	7.232	0.0604	1e+10	-20.1789	1e+10	0.341257	1e+10	-295.1	1e+10	-345358	1e+10	9986	1e+10	3.04772e+06	1e+10	0.000401806	
-9.6673	1.077	5.2791	5.3366	1.1304	8.0271	0.0554	0.993038	0.745722	0.140879	-0.969066	550	-295.1	48729.9	46127.3	-6157.77	-7345.78	3.08346e+06	3.0584e+06	0.000389091	0.000377444	
-34.2853	-8.8478	4.8058	1.0991	4.5607	9.3261	0.0641	1e+10	8.53248	1e+10	1.97703	1e+10	-295.1	1e+10	182949	1e+10	46986.9	1e+10	3.05385e+06	1e+10	0.000387305	
-12.0849	-13.9596	1.454	0.3128	1.2012	1.9508	0.0031	0.448545	1.41294	0.60163	1.68708	550	-295.1	62954.1	58246.2	72731.7	68045.4	3.08937e+06	3.0636e+06	0.000394611	0.000380628	
11.8039	-2.6751	2.4021	0.5721	0.2914	3.9922	0.0096	0.327589	-1.47578	0.251495	0.465397	550	-295.1	-63353.6	-57158.9	13767.2	13521.2	3.08859e+06	3.06276e+06	0.00039236	0.000379071	
-41.8153	2.1937	2.1157	1.469	-0.4239	4.8966	0.0155	1e+10	10.0626	1e+10	-0.190868	1e+10	-295.1	1e+10	223856	1e+10	-10840.2	1e+10	3.05587e+06	1e+10	0.000390445	
-3.4075	5.051	2.1956	-2.6184	-3.8973	6.7566	0.0398	-0.648845	-0.049327	-0.511344	-0.187051	550	-295.1	19368.7	15266.6	-24947.5	-23322.5	3.09014e+06	3.06395e+06	0.000391171	0.000377694	
-9.5869	1.6576	2.1475	-3.7631	0.0929	5.9082	0.0288	-1.07327	1.09635	-0.0364582	0.608646	550	-295.1	53228.8	45971	-8753.52	-6265.99	3.08854e+06	3.06366e+06	0.000391892	0.000378399	
-45.5242	10.0238	0.2089	-4.6948	-0.3686	0.9123	0.0135	1e+10	11.7268	1e+10	-2.02283	1e+10	-295.1	1e+10	246085	1e+10	-53082.3	1e+10	3.05705e+06	1e+10	0.000392693	
-15.1972	1.9305	0.3327	-2.6801	1.4071	8.0295	0.0433	-0.834687	1.35384	-0.0288559	0.37942	550	-295.1	83319.8	71705.1	-10617.4	-7923.9	3.0916e+06	3.06634e+06	0.000394066	0.000379277	
-1.9311	3.9757	1.191	-6.4358	-3.9455	2.4202	0.0369	-1.39628	-1.14129	-0.439409	0.12869	550	-295.1	13624	5938.23	-19228.7	-17624.6	3.09192e+06	3.06573e+06	0.000392538	0.000378417	
-8.0665	24.7957	1.6022	0.4934	5.6965	7.619	0.0533	3.20239	1.15305	0.81681	-3.63969	550	-295.1	40893.2	39780.5	-153351	-123081	3.08728e+06	3.06209e+06	0.000394373	0.000381511	
-58.1807	-5.2658	1.5379	-2.8003	-3.1576	5.5899	0.0288	1e+10	21.5741	1e+10	2.24454	1e+10	-295.1	1e+10	345781	1e+10	31692.1	1e+10	3.04542e+06	1e+10	0.000403408	
-52.4288	4.7936	2.3007	-0.52	2.8887	6.38	0.029	1e+10	17.1961	1e+10	-1.63088	1e+10	-295.1	1e+10	300958	1e+10	-27290	1e+10	3.04888e+06	1e+10	0.000399132	
-12.5961	6.7164	0.2452	-3.0247	-2.264	7.8825	0.0449	-0.668749	0.556761	-0.879316	-0.887918	550	-295.1	68723.9	57916.7	-33884.3	-32517.1	3.09173e+06	3.06651e+06	0.000393867	0.000379181	
39.4952	-8.1816	2.9296	-2.3601	-4.362	4.264	0.0251	1e+10	-10.0128	1e+10	1.64123	1e+10	-295.1	1e+10	-212053	1e+10	43310.2	1e+10	3.05488e+06	1e+10	0.000390125	
22.3878	-12.7434	2.7528	-1.5719	-1.6175	2.2247	0.0059	-0.392307	-3.43326	3.18813	2.18135	550	-295.1	-127354	-111617	67054.2	64754	3.08524e+06	3.06018e+06	0.000393711	0.000383009	
1.717	0.1473	3.5433	-3.4202	-5.8828	6.2786	0.0504	-0.574291	0.315184	-1.12935	-0.476238	550	-295.1	-7462.53	-7049.01	2242.4	-1427.32	3.08781e+06	3.06179e+06	0.00039001	0.000377136	
-30.177	-15.0571	2.419	5.3613	-2.5267	3.1832	0.0266	1e+10	4.99776	1e+10	2.67797	1e+10	-295.1	1e+10	153709	1e+10	77705	1e+10	3.05861e+06	1e+10	0.000386226	
8.356	-1.9258	2.3381	7.6341	2.0304	3.8059	0.0452	1.7725	-1.19171	0.408671	-1.42106	550	-295.1	-48624.9	-40640.2	9152.41	5660.55	3.08919e+06	3.0634e+06	0.000392008	0.000378605	
15.6498	14.8131	2.1532	4.4983	0.0914	3.5847	0.0195	-1.93196	-3.1708	-2.83182	-2.12822	550	-295.1	-81997.1	-79094.2	-74942.2	-73039	3.08814e+06	3.06194e+06	0.000393313	0.000381147	
15.6876	4.3143	4.028	0.8405	0.3836	5.3327	0.0172	-0.325118	-2.603	-0.697082	-0.781851	550	-295.1	-84255.1	-78164.3	-22168.2	-21430.9	3.08461e+06	3.05968e+06	0.000391263	0.000379566	
5.4993	8.3963	8.2788	0.3673	6.5	6.1161	0.0469	-0.314467	-1.16789	0.794273	-1.67295	550	-295.1	-29214.7	-28349.4	-47948.3	-42749.8	3.07854e+06	3.05399e+06	0.000387208	0.000374599	
42.9106	12.7945	0.838	-1.1496	-2.0356	1.4699	0.0045	1e+10	-10.4005	1e+10	-2.98782	1e+10	-295.1	1e+10	-230029	1e+10	-68717.6	1e+10	3.05668e+06	1e+10	0.000391701	
-20.8579	6.9988	7.2646	-0.6112	1.6261	5.9968	0.0229	0.782061	4.59192	-1.58706	-1.58227	550	-295.1	116906	108285	-36605.3	-36527.5	3.07803e+06	3.05378e+06	0.000389204	0.000379747	
4.9784	7.7641	0.28	1.2622	0.7887	3.7296	0.0095	0.419517	-0.582359	0.620904	-0.876584	550	-295.1	-27138.8	-23763.4	-41998.2	-36774.1	3.0927e+06	3.06711e+06	0.000393542	0.000379202	
-0.8902	-20.1756	3.4134	0.9427	-5.793	5.0611	0.0353	0.500533	0.0749765	-0.4393	2.99522	550	-295.1	3775.4	4139.43	114219	100237	3.08572e+06	3.06014e+06	0.00039238	0.000380307	
-39.0907	-5.6355	1.4312	1.6876	2.0674	2.9733	0.0094	1e+10	8.07025	1e+10	1.05474	1e+10	-295.1	1e+10	204546	1e+10	29522.5	1e+10	3.05825e+06	1e+10	0.000388641	
54.3875	0.5218	8.9304	-2.4238	1.085	6.3504	0.0279	1e+10	-24.4261	1e+10	-0.322352	1e+10	-295.1	1e+10	-334935	1e+10	-2972.68	1e+10	3.03644e+06	1e+10	0.000405381	
-1.4195	5.6229	3.8419	-0.2425	0.7947	4.9587	0.0149	-0.0590621	0.188429	0.317025	-0.803266	550	-295.1	7615.12	7008.58	-30254	-27382.6	3.0864e+06	3.06117e+06	0.000390353	0.000377938	
24.7681	-1.0561	5.728	-2.6335	2.8921	7.5981	0.0429	-0.448734	-5.12583	0.787971	-0.290574	550	-295.1	-146767	-127712	3774.95	4651.57	3.07942e+06	3.0555e+06	0.000391254	0.000381717	
-15.6355	8.9372	2.3867	-0.4182	2.9777	4.4729	0.0171	1.09581	2.02138	-1.02089	-1.13626	550	-295.1	82156.8	75880.4	-46921.7	-43574.5	3.08772e+06	3.06225e+06	0.000393075	0.00037999	
-21.54	-2.7144	2.4734	-7.0258	1.7236	2.9941	0.036	-1.14956	1.81163	1.2173	-0.124415	550	-295.1	125518	103218	12394.8	12447.2	3.08656e+06	3.06162e+06	0.000393694	0.000381576	
-42.4252	2.1858	0.6265	-1.2571	-0.6777	3.9213	0.0102	1e+10	9.17819	1e+10	-0.594868	1e+10	-295.1	1e+10	223942	1e+10	-11511.8	1e+10	3.05841e+06	1e+10	0.000389981	
2.8376	0.4375	2.1135	-3.8457	3.1539	6.5946	0.0401	-0.542502	0.274593	0.638528	-0.608621	550	-295.1	-13287.1	-12173.8	-3861.03	-3056.65	3.0903e+06	3.06418e+06	0.000390987	0.000377598	
-14.7079	6.5573	0.8917	2.8479	-3.0405	1.1949	0.011	0.770176	0.947563	-1.4059	-0.836034	550	-295.1	76239.6	68634.7	-31926.9	-31780.6	3.09092e+06	3.06531e+06	0.000394892	0.000380095	
-7.8421	-11.1981	5.4829	7.5904	1.4157	6.7007	0.0614	2.05253	2.80074	0.775851	2.54301	550	-295.1	37061.5	42402.4	58287.6	57788.8	3.08265e+06	3.05772e+06	0.000389384	0.000378329	
7.3289	-7.3728	6.2276	3.8352	2.5995	7.2649	0.0436	0.406292	-1.06689	0.803941	0.529786	550	-295.1	-40592.3	-36138.1	37579.4	35421	3.08229e+06	3.05689e+06	0.000388516	0.000377148	
1.0669	-6.0384	4.4157	-1.8359	-1.9881	3.1796	0.0102	-0.348793	-0.479255	-0.497776	0.697415	550	-295.1	-4735.72	-6022.45	33045.2	29473.5	3.0851e+06	3.06011e+06	0.000390331	0.000378085	
-16.1978	8.3922	1.0327	-4.4708	-6.1335	1.0272	0.0345	0.256004	0.871587	-2.70305	-1.15681	550	-295.1	86975.4	75374.3	-38972.9	-40934.2	3.08949e+06	3.06476e+06	0.00039517	0.000380036	
-9.0134	-6.1734	0.7345	6.6628	4.1853	3.5021	0.0436	0.919246	-0.243449	0.717195	1.57033	550	-295.1	44546.8	39891.7	30469.9	31634.9	3.09117e+06	3.06602e+06	0.000393461	0.000378969	
9.0531	2.1832	3.5724	0.1721	-6.0547	4.6046	0.034	0.213795	-1.23895	-1.21118	-0.312086	550	-295.1	-48391.5	-44224	-8380.46	-10384.5	3.08626e+06	3.06124e+06	0.000390953	0.000377921	
-17.7574	-3.0789	5.6363	-4.5739	-1.739	6.014	0.0353	-0.0234109	2.78958	0.452396	1.39599	550	-295.1	98686.5	88745.2	16446.3	17502.7	3.08156e+06	3.05692e+06	0.000390112	0.000379624	
8.4884	10.0009	1.4448	1.1247	-1.0824	6.3395	0.0251	-0.062559	-1.02996	-0.365022	-0.812439	550	-295.1	-45183.1	-40939.2	-52250	-47086.8	3.09057e+06	3.0646e+06	0.000392871	0.000378833	
1.0896	2.5061	3.1086	5.1858	-0.3556	7.0788	0.0453	1.05325	0.61342	0.0625608	0.589754	550	-295.1	-8308.14	-3412.23	-13179.2	-9733.32	3.08809e+06	3.06246e+06	0.000390248	0.000377588	
-9.8517	3.4764	3.2489	0.846	-9.0415	5.1969	0.0643	-0.000670675	1.15647	-1.83298	-0.379749	550	-295.1	51973.8	47527.4	-13713.4	-16895.4	3.08665e+06	3.06173e+06	0.000391209	0.000377637	
-4.9474	-3.4013	2.0927	5.0981	-11.3318	2.0772	0.0933	0.750189	1.21683	-2.32478	-0.433885	550	-295.1	23841.7	25015	23749.9	14610.4	3.08946e+06	3.06414e+06	0.000392145	0.000377083	
-72.7027	-4.9666	0.2422	-4.835	1.5964	6.2275	0.038	1e+10	15.258	1e+10	2.33166	1e+10	-295.1	1e+10	296036	1e+10	29451.9	1e+10	3.05276e+06	1e+10	0.000396877	
-47.2871	6.4021	1.1528	-0.1739	-0.4113	1.4832	0.0014	1e+10	12.5764	1e+10	-1.67476	1e+10	-295.1	1e+10	259283	1e+10	-34782.3	1e+10	3.0546e+06	1e+10	0.000394219	
-55.4647	-8.9959	3.2354	-4.6919	-4.483	6.4315	0.0491	1e+10	20.9766	1e+10	4.20142	1e+10	-295.1	1e+10	329302	1e+10	54565.3	1e+10	3.04405e+06	1e+10	0.000404772	
5.9574	-4.9923	0.2989	5.7385	2.248	0.9789	0.0229	1.50953	-0.593079	0.141256	1.72305	550	-295.1	-34839.2	-28062	25570.3	26768.5	3.09327e+06	3.06711e+06	0.000393813	0.000379308	
3.0091	-0.5359	3.1897	3.6189	3.1434	4.3357	0.0246	0.851702	-0.676747	0.580358	0.846707	550	-295.1	-17798.4	-15266.2	1319.45	4737.46	3.0883e+06	3.06238e+06	0.000390722	0.00037782	
-15.468	11.9173	2.8658	0.7453	1.8871	4.2253	0.0129	1.97183	2.37931	-1.75071	-1.80161	550	-295.1	79611.7	76245	-61478.2	-59047.3	3.08654e+06	3.06101e+06	0.000392635	0.00038058	
-1.4972	0.8416	4.3854	7.2447	-3.3737	5.855	0.0577	1.33634	0.0128919	-0.618311	-1.63682	550	-295.1	4393.1	6782.08	-2824.72	-7411.88	3.08581e+06	3.0604e+06	0.00038951	0.000377295	
-55.7193	0.2396	1.1686	2.1153	-3.8189	4.2978	0.0221	1e+10	18.7709	1e+10	0.303233	1e+10	-295.1	1e+10	323111	1e+10	-546.34	1e+10	3.04862e+06	1e+10	0.000400279	
-25.4428	27.4688	6.9312	1.5007	4.5566	8.3198	0.0542	1e+10	7.32746	1e+10	-7.96689	1e+10	-295.1	1e+10	139517	1e+10	-151209	1e+10	3.04967e+06	1e+10	0.000388674	
14.9822	-18.0494	3.4253	-0.895	5.8304	10.9043	0.0903	-3.20074	-2.63353	3.19802	2.97817	550	-295.1	-75905.8	-75418.5	91599.8	91144.5	3.08513e+06	3.05948e+06	0.000390777	0.000380568	
-39.4588	13.8758	2.5669	-2.543	-1.8247	5.0086	0.0205	1e+10	10.3228	1e+10	-3.47545	1e+10	-295.1	1e+10	213253	1e+10	-74603.4	1e+10	3.05482e+06	1e+10	0.000390783	
-28.1485	-9.3994	2.3649	-6.8295	-5.8479	3.7604	0.0558	4.63199	5.57361	4.21584	2.94834	550	-295.1	185062	143727	54910	50570	3.08308e+06	3.05986e+06	0.000396688	0.000383545	
12.0853	4.2017	1.1183	0.327	-7.6242	13.8694	0.1473	0.393363	-1.22661	-1.671	-0.391504	550	-295.1	-64708.3	-57543.6	-18093	-19783.3	3.09002e+06	3.06503e+06	0.000391641	0.000377398	
-34.6138	-5.0151	0.6888	1.3662	-0.3719	0.8681	0.0016	1e+10	5.85553	1e+10	0.963528	1e+10	-295.1	1e+10	175571	1e+10	26029.1	1e+10	3.06147e+06	1e+10	0.000386495	
-9.2321	10.0246	3.2211	0.3901	0.5619	8.0118	0.038	0.591882	1.25252	-0.373596	-1.29862	550	-295.1	48177.1	44859.1	-52937.2	-48899.1	3.08746e+06	3.0614e+06	0.000391122	0.000378575	
-1.4491	-5.3648	3.257	-7.283	-2.6333	4.03	0.0448	-1.41794	-0.272509	-0.702007	2.19755	550	-295.1	11263.9	5889.37	29864.6	29704.3	3.08785e+06	3.06213e+06	0.000390935	0.000378102	
-21.8876	-10.6589	2.566	-10.1596	3.202	5.3456	0.0835	-1.25447	5.00465	3.80848	3.06039	550	-295.1	131951	112240	52771	56400.7	3.08551e+06	3.06075e+06	0.000393166	0.000381643	
4.0717	-1.6063	1.3362	-0.5598	-3.5774	5.2402	0.0238	0.215999	-0.300439	-0.805932	0.103019	550	-295.1	-21502.1	-19035.8	10318.5	7814.03	3.09088e+06	3.06548e+06	0.000391928	0.000377986	
3.3375	26.7293	3.8781	0.564	5.8553	2.9645	0.0255	-1.48017	-0.620062	-0.917822	-5.19515	550	-295.1	-17361.1	-16951.9	-172153	-136871	3.08215e+06	3.05789e+06	0.000394871	0.000383037	
-51.2767	-1.3093	0.6071	-1.0643	1.0882	3.6155	0.009	1e+10	14.513	1e+10	0.283513	1e+10	-295.1	1e+10	286082	1e+10	7432.04	1e+10	3.05326e+06	1e+10	0.000396229	
-9.8543	2.252	0.557	-1.1721	0.1576	3.6187	0.0085	-0.847947	0.700933	0.0224256	-0.0731005	550	-295.1	53563.3	45947.4	-11972.1	-10479	3.09209e+06	3.06637e+06	0.000393554	0.000379232	
10.1859	21.5384	0.4906	1.6956	-0.9202	1.8588	0.0042	-2.60472	-1.59999	0.0357686	-2.84927	550	-295.1	-52341	-50172.1	-120189	-105390	3.09038e+06	3.06449e+06	0.000394194	0.000382161	
4.7694	20.4653	4.5889	3.2719	5.5811	3.396	0.0314	-0.905396	-1.5249	0.281675	-3.57577	550	-295.1	-25627.6	-25510.3	-116654	-103340	3.08308e+06	3.0581e+06	0.000391825	0.000380719	
29.8234	15.1581	6.0776	4.8805	2.1683	7.0607	0.0461	1e+10	-6.9451	1e+10	-3.48816	1e+10	-295.1	1e+10	-158495	1e+10	-80630.7	1e+10	3.0525e+06	1e+10	0.000386715	
-0.5526	4.8908	1.1091	-2.1181	-8.9905	1.8133	0.0521	-0.447123	-0.344779	-1.31484	-0.240779	550	-295.1	3981.44	1752.66	-21766.5	-22464.2	3.09086e+06	3.06589e+06	0.000392729	0.000377605	
-5.4224	23.6525	1.6713	-1.3933	-1.8413	2.9092	0.0081	1.59158	0.537439	0.509924	-3.24929	550	-295.1	28092.9	26186.6	-136930	-116608	3.08704e+06	3.06239e+06	0.000394474	0.000381979	
38.3183	8.4351	1.3567	5.8021	2.4711	1.9326	0.0256	1e+10	-8.5873	1e+10	-0.718889	1e+10	-295.1	1e+10	-201251	1e+10	-42155.3	1e+10	3.05828e+06	1e+10	0.000388477	
6.3932	25.5211	2.1257	-4.8358	-3.0899	2.7563	0.0238	-3.17215	-2.02514	0.0321667	-3.94798	550	-295.1	-29408.3	-34083.7	-151934	-127419	3.086e+06	3.0611e+06	0.000394903	0.000382615	
-2.3872	0.8329	2.6013	1.0607	-0.1515	3.567	0.0082	0.0554283	0.325754	0.024304	0.160841	550	-295.1	12218.6	11578.7	-4370.07	-3208.46	3.08832e+06	3.0634e+06	0.000391238	0.000378198	
-23.6318	-14.1356	1.2251	0.1585	4.6878	4.8766	0.0269	-0.270081	3.5236	3.67504	2.17668	550	-295.1	142066	117111	75083	70806.5	3.08749e+06	3.06235e+06	0.000393909	0.00038245	
-58.3321	0.1201	2.3822	-4.9355	6.218	4.0729	0.0468	1e+10	21.926	1e+10	0.34138	1e+10	-295.1	1e+10	350905	1e+10	171.882	1e+10	3.04344e+06	1e+10	0.000405901	
-23.6759	3.0352	0.6256	-1.3463	0.6455	0.7488	0.0016	-0.537409	3.12879	-0.990037	-0.639809	550	-295.1	134647	115409	-15219.9	-15336.5	3.08924e+06	3.0644e+06	0.000395652	0.00038238	
70.0818	8.7925	4.8201	7.4011	0.4479	7.5149	0.0655	1e+10	1.4621	1e+10	0.0196058	1e+10	-295.1	1e+10	61737.4	1e+10	4114.25	1e+10	3.067e+06	1e+10	0.000380465	
-12.9533	-0.9088	0.0017	1.3442	0.1021	0.0023	0.0011	0.961024	-0.77498	-13.9188	1.87971	550	-295.1	71134	-28195.2	57465.1	71387.8	3.09101e+06	3.06261e+06	0.000399062	0.000379656	
5.7731	-14.5916	2.3929	-0.2381	-1.6636	3.7835	0.0101	-0.876016	2.17065	-0.0133847	-0.65984	550	-295.1	-29441.2	76426.6	78502.1	-74410.5	3.08755e+06	3.06112e+06	0.000392966	0.00038159	
-15.5039	15.7107	2.7414	-8.3511	-1.7377	3.982	0.0521	1.39357	5.58319	-3.27811	-0.322069	550	-295.1	83553.3	129480	-79198.3	-26189.5	3.08634e+06	3.05243e+06	0.000392674	0.000380518	
-24.6861	5.3534	7.7372	-5.5219	-3.8039	5.7388	0.0458	0.494088	32.5161	-2.43494	-4.11403	550	-295.1	154486	421796	-26150.1	-51412	3.07577e+06	3.0306e+06	0.000390128	0.000421326	
-64.1166	7.8006	4.5658	-0.6849	2.0696	3.8446	0.0115	1e+10	0.749455	1e+10	-1.0576	1e+10	-295.1	1e+10	23260.6	1e+10	-37896.2	1e+10	3.06178e+06	1e+10	0.000378452	
-4.7208	7.769	3.3552	-0.5675	-0.5578	4.5776	0.0127	-0.0454886	-1.29772	0.0276839	1.18357	550	-295.1	25160.4	-52704.3	-41014.3	26743.6	3.08661e+06	3.06221e+06	0.000391077	0.000378734	
10.9096	-5.2283	2.7892	-2.45	1.7092	5.3254	0.0219	-0.42623	-4.22116	0.607501	0.238014	550	-295.1	-56641.7	-132502	26419.9	1312.21	3.08762e+06	3.06257e+06	0.000391782	0.00038259	
26.6665	-0.1032	1.2577	1.9897	-2.2116	3.0821	0.0108	0.205523	3.35942	-0.264029	0.451517	550	-295.1	-168805	108380	1935.71	12693.2	3.0866e+06	3.0632e+06	0.000396506	0.000380991	
-22.0127	-2.5162	1.4893	2.1851	4.7668	2.0389	0.0186	0.0686836	5.39104	1.68369	-3.26889	550	-295.1	121342	120697	9558.36	-69057.2	3.08782e+06	3.05389e+06	0.000394228	0.000382552	
-23.0547	13.0498	6.4079	-1.3716	4.5892	4.7462	0.0267	1.00689	-3.75566	-2.81652	0.700899	550	-295.1	138654	-83739.8	-73605.1	16268.1	3.07881e+06	3.0639e+06	0.000391232	0.000379941	
16.4997	-3.1624	1.4197	8.5718	-3.0072	2.5172	0.0522	1.2464	9.50269	0.162188	-0.753221	550	-295.1	-93511.7	220454	17545.4	1490.08	3.08876e+06	3.05679e+06	0.00039444	0.00038945	
-41.4652	-0.5474	1.7435	4.5188	-5.2453	4.2355	0.0387	1e+10	-0.414793	1e+10	-0.140329	1e+10	-295.1	1e+10	28383.9	1e+10	-9534.81	1e+10	3.06755e+06	1e+10	0.000378141	
-6.5753	2.0112	0.0664	4.287	9.4861	2.5404	0.0675	-1.02747	-4.35413	3.24866	0.0115144	550	-295.1	36792.6	-123521	-19120.3	2711.92	3.09349e+06	3.05925e+06	0.000393733	0.000382583	
24.5041	-0.5048	3.4378	0.827	0.3993	2.9406	0.0056	0.713728	14.0924	0.267937	-4.61372	550	-295.1	-149037	264475	2336.91	-74180.2	3.08372e+06	3.05203e+06	0.000393798	0.000395352	
-47.3908	13.0914	1.9526	4.9431	-0.0159	5.6239	0.033	1e+10	-3.1099	1e+10	-0.373113	1e+10	-295.1	1e+10	-96319	1e+10	-3637.45	1e+10	3.05856e+06	1e+10	0.000380609	
19.2974	0.6686	4.4294	1.6887	2.7997	3.2704	0.0126	-0.260517	-0.49865	0.266371	1.28109	550	-295.1	-106190	-65418.9	-4770.83	7696.41	3.08443e+06	3.06562e+06	0.000391768	0.000379441	
14.226	-0.981	0.761	6.796	-1.4437	5.5534	0.0465	1.63265	5.0475	-0.124702	3.29697	550	-295.1	-80576.9	134638	5804.52	80307.1	3.09107e+06	3.05679e+06	0.000393967	0.000384375	
-26.207	-15.3829	3.9754	-1.8747	-1.92	8.3751	0.0455	6.71177	8.54718	5.48201	5.0451	550	-295.1	173400	208133	96499.8	117343	3.0801e+06	3.05516e+06	0.000395139	0.000392235	
-38.7553	-21.5966	1.8175	8.7629	-3.8776	3.9063	0.0629	1e+10	-0.596583	1e+10	-0.851415	1e+10	-295.1	1e+10	-31786.6	1e+10	-53412.4	1e+10	3.06679e+06	1e+10	0.000379889	
6.7373	11.392	0.1621	-0.929	2.7149	1.7024	0.0065	-0.505655	-1.60784	0.737306	0.538278	550	-295.1	-34859.4	-23376.6	-62245.9	-290.815	3.09156e+06	3.06125e+06	0.000394868	0.000377169	
4.2901	0.4071	3.8475	5.3325	0.6086	8.7153	0.0616	1.17085	-2.25888	0.122278	0.569418	550	-295.1	-25396.7	-115065	-2450.13	216.455	3.08644e+06	3.06141e+06	0.000389549	0.000381253	
23.8107	0.285	2.3257	7.1686	-7.2278	4.7652	0.0743	1.4141	5.34229	-1.20738	3.38169	550	-295.1	-146157	152460	2925.22	95949.8	3.08521e+06	3.0602e+06	0.000394219	0.00038592	
-29.8479	-18.6198	1.212	1.4136	2.6189	4.6337	0.0178	1e+10	-11.8232	1e+10	1.92702	1e+10	-295.1	1e+10	-225827	1e+10	37313.8	1e+10	3.05102e+06	1e+10	0.000392364	
41.0021	-6.7435	4.9204	-0.2219	-2.9044	8.0995	0.0435	1e+10	-0.823006	1e+10	3.063	1e+10	-295.1	1e+10	-38126	1e+10	98423.8	1e+10	3.06279e+06	1e+10	0.000380026	
7.8745	-19.8049	1.7919	-1.9574	6.1054	7.3272	0.0557	-2.45819	0.658018	2.0483	0.498899	550	-295.1	-37817.4	54194.9	101999	19968.4	3.0882e+06	3.06691e+06	0.000392708	0.000379572	
-11.7109	-4.1575	0.1154	1.9108	-0.5056	4.3758	0.0136	-1.03182	-9.19445	-1.52953	2.01215	550	-295.1	64427.8	-202353	26319.6	30580.8	3.09189e+06	3.05411e+06	0.000394305	0.000389263	
37.8329	-5.4199	3.9423	-3.5914	3.3154	7.4438	0.0466	1e+10	11.6074	1e+10	4.97309	1e+10	-295.1	1e+10	211288	1e+10	91868.2	1e+10	3.04876e+06	1e+10	0.000392897	
-37.9261	-16.4272	6.3615	1.7204	-4.5185	5.6981	0.0328	1e+10	1.55746	1e+10	2.70588	1e+10	-295.1	1e+10	1680.69	1e+10	101730	1e+10	3.06179e+06	1e+10	0.000381027	
0.3913	-20.691	2.403	7.6986	-1.4758	3.9697	0.0454	1.10203	1.55001	0.169157	0.494372	550	-295.1	-5958.95	29209.1	114120	22756.5	3.0865e+06	3.06262e+06	0.000393342	0.000378216	
-5.6905	-4.6969	2.9598	4.2145	-2.2455	4.3009	0.0243	0.677549	-10.7709	-0.524199	-3.35209	550	-295.1	28074	-227871	25972.8	-73997.9	3.08777e+06	3.05498e+06	0.000391211	0.000391946	
42.1503	13.6776	1.8676	-1.0394	1.4549	3.5264	0.0092	1e+10	1.83827	1e+10	0.515572	1e+10	-295.1	1e+10	18863.3	1e+10	-13967	1e+10	3.05419e+06	1e+10	0.000373611	
-3.091	3.3195	8.2295	7.894	3.1202	11.245	0.1167	1.54958	3.67134	0.50095	-1.42669	550	-295.1	12588.7	118869	-19057.8	-49468.4	3.07915e+06	3.0637e+06	0.000386002	0.00038186	
-24.0807	10.0323	0.685	2.137	2.1396	6.9747	0.034	-0.144713	0.46044	-3.16013	-0.881968	550	-295.1	139563	-23410.1	-51660.6	13294.8	3.08916e+06	3.06367e+06	0.000394358	0.000376749	
5.4521	-3.3337	2.2881	-7.6872	-11.7429	8.2643	0.1559	-1.25502	-4.75093	-2.37357	-1.60989	550	-295.1	-25248.2	-128596	23547.1	-50955.8	3.0888e+06	3.06094e+06	0.000390871	0.000382924	
25.4559	10.1776	2.0309	-3.3934	1.5036	3.7169	0.0162	-0.641067	14.0422	-3.49117	3.32288	550	-295.1	-150453	254388	-53154.4	61150.9	3.08634e+06	3.05066e+06	0.000394451	0.000395663	
-45.4471	-10.8915	3.459	-2.4013	1.8779	5.827	0.0254	1e+10	-1.09612	1e+10	2.7311	1e+10	-295.1	1e+10	-39274.4	1e+10	85954.6	1e+10	3.0599e+06	1e+10	0.000379856	
7.956	-17.1689	3.7047	1.002	-7.7419	2.8098	0.0405	-1.62434	0.927526	-0.0815291	-0.995353	550	-295.1	-40756	18293	95608.2	-29912.5	3.08592e+06	3.06333e+06	0.000392271	0.000377459	
-3.5377	6.0943	2.5321	2.6411	-6.6579	6.8471	0.0577	0.4074	-1.82492	-1.03658	-0.850611	550	-295.1	17415.6	-62260.3	-29078.3	-12036.2	3.08913e+06	3.06358e+06	0.000390977	0.000379379	
12.7691	2.2845	1.8665	-3.1708	1.3659	2.6548	0.0111	-0.312587	0.341966	0.0572942	1.69664	550	-295.1	-66549.2	4330.93	-12512.2	51698.2	3.08879e+06	3.05927e+06	0.000393186	0.000377979	
-0.7978	-10.3579	4.6774	1.0571	-1.5324	6.3956	0.0261	0.256337	-0.325976	-0.311858	-0.204354	550	-295.1	3631.99	-70.327	55975.9	-37385.8	3.08449e+06	3.06361e+06	0.000389953	0.000377485	
-0.1073	8.1359	2.2556	3.7808	5.7831	8.5571	0.0711	0.714462	-17.0699	1.47111	-0.273646	550	-295.1	-1375.87	-297925	-46810	-5382.64	3.0885e+06	3.04746e+06	0.000391158	0.000400906	
71.7738	1.0041	3.2512	-3.2842	-3.0309	4.0777	0.0215	1e+10	-1.57637	1e+10	-0.148335	1e+10	-295.1	1e+10	-54424.4	1e+10	43394	1e+10	3.0666e+06	1e+10	0.000380532	
11.2607	-9.6123	0.0195	5.3899	-1.4018	0.0352	0.0182	4.13388	1.13228	4.7855	-0.262695	550	-295.1	-73218.4	45203.6	38806.6	-18593.8	3.09243e+06	3.06439e+06	0.000396263	0.000379079	
-9.4191	3.9329	1.7264	-1.0231	0.6546	2.3036	0.004	-0.504115	-11.8529	0.0724002	1.19479	550	-295.1	50796.9	-216728	-21056.3	18435.2	3.09011e+06	3.04827e+06	0.000392954	0.000389902	
38.9345	-3.1757	7.466	-2.8984	1.3776	6.9911	0.0348	1e+10	-2.35801	1e+10	2.23843	1e+10	-295.1	1e+10	-89197.4	1e+10	82610.2	1e+10	3.0644e+06	1e+10	0.000381682	
18.3073	-16.7321	0.5853	-0.0498	0.5471	6.492	0.025	-1.63886	2.15554	2.68405	0.363549	550	-295.1	-97544.1	68822	86923.2	5593.32	3.0903e+06	3.0625e+06	0.000392089	0.000378964	
-13.9968	-1.0488	2.5222	-1.9368	-3.6164	5.1529	0.0255	-0.463454	3.2095	-0.519723	-2.24046	550	-295.1	76091.9	79316.4	7248.86	-42796.7	3.08847e+06	3.05608e+06	0.00039238	0.0003786	
-15.5188	8.098	6.1768	-3.192	-7.1109	5.2131	0.0517	0.542685	-1.37158	-2.66352	1.36768	550	-295.1	84073.8	-48781.3	-37964.8	18846.6	3.08097e+06	3.0545e+06	0.000389454	0.0003751	
9.8302	-3.3058	7.7179	4.3874	-0.5677	10.1992	0.0726	0.485014	0.880164	0.164592	-0.325506	550	-295.1	-54593.9	-5942.86	17658.9	-15624.2	3.07942e+06	3.06541e+06	0.000386931	0.000377241	
1.7978	3.3653	1.3782	-4.8159	9.495	5.4677	0.0842	-0.806189	-16.1423	2.10834	2.74956	550	-295.1	-7240.18	-290736	-22706.1	55336.3	3.09064e+06	3.04875e+06	0.000391878	0.000398995	
70.8668	-9.7006	2.6256	-4.175	-0.0836	8.6441	0.0542	1e+10	23.1979	1e+10	-0.992709	1e+10	-295.1	1e+10	340325	1e+10	-22126.9	1e+10	3.04155e+06	1e+10	0.00040777	
-56.5345	3.833	4.2916	6.0033	-2.1318	5.4212	0.0411	1e+10	-3.18047	1e+10	-2.12296	1e+10	-295.1	1e+10	-100838	1e+10	-81763.4	1e+10	3.06184e+06	1e+10	0.000382418	
20.2315	16.5817	1.8481	2.0909	0.5258	4.444	0.0143	-0.164115	3.71278	-2.09874	-1.53481	550	-295.1	-117534	107899	-92077.6	-50954.9	3.08684e+06	3.0626e+06	0.000393099	0.000381738	
-21.6983	10.2912	1.558	-3.4777	3.3023	1.8783	0.0156	-0.418551	4.22476	-2.50862	-1.96995	550	-295.1	124609	88602	-53915.7	-26980.1	3.08835e+06	3.05725e+06	0.000394181	0.000379074	
-17.0355	4.8327	5.3755	7.2601	3.792	7.6596	0.0739	2.05258	-1.02351	-0.292997	-2.23419	550	-295.1	87099.3	-24485.7	-26146.2	-80718.9	3.08352e+06	3.06508e+06	0.000389662	0.000380176	
4.9116	16.5987	0.8671	3.0268	-0.7849	3.7921	0.0142	-0.432759	0.44038	-0.54116	-1.70247	550	-295.1	-26241.5	14367.5	-87658.6	-51774.6	3.09084e+06	3.05989e+06	0.000394627	0.00037832	
-2.8867	10.4318	4.3458	-0.6548	-0.2695	5.7572	0.0198	0.0582011	-5.00785	-0.023985	3.21188	550	-295.1	15409.4	-136609	-55416.1	63166.6	3.08486e+06	3.06189e+06	0.000390309	0.00038366	
27.0385	-11.9738	1.2267	-7.1131	1.1005	3.449	0.0374	-1.80991	-5.73913	3.65097	1.44973	550	-295.1	-163840	-126306	65666.2	27504.9	3.08629e+06	3.05562e+06	0.000395438	0.000381351	
24.2008	-5.1103	5.6645	3.8467	-4.3887	8.4274	0.0618	0.0615137	0.689813	1.08516	0.863654	550	-295.1	-147647	31625.4	29150.2	7287.55	3.0807e+06	3.05323e+06	0.000391144	0.000372358	
-6.4826	-1.1401	8.873	4.5082	-8.538	12.4674	0.1462	1.0415	-2.18041	-1.51837	-0.720889	550	-295.1	32368.7	-51796.7	10526.8	-9412.23	3.07731e+06	3.05212e+06	0.000385419	0.000373653	
9.9927	1.7211	9.3467	1.7403	-1.5433	6.9615	0.0317	-0.0887609	-2.78937	-0.475391	-3.95078	550	-295.1	-54231.6	-66114.7	-8218.88	-80191.3	3.07606e+06	3.05194e+06	0.000386335	0.000376907	
12.6775	15.1302	8.6087	1.9724	3.6813	6.8828	0.0381	-1.79967	12.5559	-1.46168	-1.23113	550	-295.1	-67018.2	209425	-81905.5	-7681.37	3.07763e+06	3.04691e+06	0.000386879	0.000385137	
-37.2726	1.0522	8.8975	4.9562	0.5506	11.951	0.0986	1e+10	-3.28175	1e+10	-0.244364	1e+10	-295.1	1e+10	-80718.7	1e+10	-6472.73	1e+10	3.0538e+06	1e+10	0.000375805	
15.6741	1.3383	7.7415	0.4791	-8.2293	9.745	0.0958	-0.496631	-13.6017	-1.70525	-4.99231	550	-295.1	-84976.4	-265605	-2748.32	-85360.5	3.07848e+06	3.05214e+06	0.000387318	0.000396036	
47.6963	15.0243	1.5669	-2.9039	-1.9067	3.3207	0.0136	1e+10	6.56005	1e+10	-4.38903	1e+10	-295.1	1e+10	175399	1e+10	-111311	1e+10	3.05986e+06	1e+10	0.000388268	
-33.791	21.3015	0.449	-1.2744	3.3132	3.7268	0.0156	1e+10	-2.11361	1e+10	-0.493556	1e+10	-295.1	1e+10	-75519.5	1e+10	-35196	1e+10	3.06466e+06	1e+10	0.000380255	
15.5498	7.4999	1.0845	-2.2646	-1.7174	2.5857	0.0087	-1.07636	5.3145	-1.505	0.0680071	550	-295.1	-80459.9	88521.6	-37118	-16448.6	3.09005e+06	3.05073e+06	0.000394622	0.000374269	
-16.1826	3.5222	9.7914	7.6464	-4.609	7.4149	0.0792	2.11859	-1.23904	-1.40249	-1.03425	550	-295.1	83757.9	-17404.8	-15999.2	-68642.1	3.07453e+06	3.05741e+06	0.000386359	0.000378407	
3.1788	14.2782	5.6501	8.0292	3.3633	7.5273	0.0778	0.971538	-16.7288	0.162866	4.38716	550	-295.1	-20528.8	-299150	-78424.9	64313.8	3.08191e+06	3.04927e+06	0.000389352	0.000399497	
52.2909	-10.934	1.7856	-4.2866	-0.9464	2.9898	0.0166	1e+10	-0.526922	1e+10	-1.85674	1e+10	-295.1	1e+10	-14814.6	1e+10	-26156.1	1e+10	3.05729e+06	1e+10	0.000377006	
2.9526	4.812	6.2515	-5.0121	0.2535	4.7851	0.0283	-0.981659	1.85002	0.0206791	-0.775169	550	-295.1	-13167	43751.8	-25565.8	-1692.36	3.0821e+06	3.06753e+06	0.000388594	0.000379253	
-8.7891	-0.0307	0.0514	-6.1684	-2.6738	2.8379	0.0313	-2.089	1.60397	-0.508201	1.21299	550	-295.1	51169.4	54965.6	1526.74	42010.9	3.09292e+06	3.06277e+06	0.00039393	0.000379534	
-11.3023	-8.5493	2.3295	1.2362	-0.6107	3.1849	0.0071	0.667798	1.11283	0.509802	-0.13266	550	-295.1	58790.7	61324.9	44820.1	-11778	3.0886e+06	3.06469e+06	0.00039286	0.00037972	
-12.9771	2.5044	1.3351	1.5465	1.3774	1.4306	0.0037	-0.166282	-4.62854	0.0739599	7.95735	550	-295.1	68867.1	-87544.7	-13754.7	144441	3.09015e+06	3.04947e+06	0.000393885	0.000380262	
16.0572	-26.295	8.5781	-2.2888	-12.2783	11.7099	0.1723	-16.2895	21.8387	25.6447	5.94418	550	-295.1	-83579.1	339692	158833	102934	3.07098e+06	3.04359e+06	0.000395778	0.000404838	
-56.5261	-17.2693	1.9979	-3.7351	-4.5211	8.1066	0.0588	1e+10	10.7176	1e+10	-1.78947	1e+10	-295.1	1e+10	222140	1e+10	-50413.8	1e+10	3.05301e+06	1e+10	0.000392309	
-40.8203	9.5067	3.7088	4.4492	-1.2806	5.5889	0.031	1e+10	-2.20458	1e+10	-0.70872	1e+10	-295.1	1e+10	-50930.1	1e+10	-42895.5	1e+10	3.06554e+06	1e+10	0.000378817	
10.1035	9.1581	0.8904	-5.3445	2.018	7.6391	0.0535	-1.19663	1.74069	0.157809	-1.01511	550	-295.1	-50501.9	66143.1	-49181.7	-34769.4	3.09097e+06	3.06282e+06	0.000393169	0.000379487	
-13.6694	7.0904	2.2374	-0.4606	2.8429	4.0539	0.0145	0.376884	3.34804	-0.308032	-0.170519	550	-295.1	72552	119650	-38046.7	-41783.2	3.08781e+06	3.05921e+06	0.000392986	0.00038287	
-24.0777	8.8313	3.3117	8.0383	0.5449	5.1862	0.054	0.938844	-0.422347	-2.68908	-0.327358	550	-295.1	135255	-20413.5	-45268.3	5598.19	3.08479e+06	3.06402e+06	0.000392787	0.000377308	
4.2966	-1.3371	2.1776	2.3307	-6.5859	6.7544	0.0555	0.713326	1.22282	-1.33651	1.94974	550	-295.1	-24085.4	46794.6	10423.6	44693.2	3.08911e+06	3.05766e+06	0.000391115	0.000378381	
-9.5891	-8.6538	5.5797	-2.7146	-2.3782	4.7205	0.0208	0.0737728	1.64194	0.153798	-1.54455	550	-295.1	51958.1	36365.8	46733.6	-60796.7	3.08246e+06	3.06368e+06	0.000389731	0.000378893	
-7.1784	12.5541	1.8311	3.7115	-3.7433	6.1738	0.0387	1.261	2.59488	-0.887031	-0.899862	550	-295.1	35301.1	96080.6	-64336.4	-26089.1	3.08867e+06	3.06065e+06	0.000392713	0.000380253	
-19.5969	5.1952	3.2173	-2.0599	5.2061	5.8325	0.0384	0.586219	-2.73928	-0.663276	-2.09433	550	-295.1	107046	-108746	-28416.9	-96635.3	3.08549e+06	3.06175e+06	0.000392181	0.000383311	
22.0203	19.668	1.38	-6.7471	-1.1278	7.2715	0.0586	-2.27184	-0.95605	-1.82824	-0.559618	550	-295.1	-135028	-25904	-122276	-46808.2	3.08596e+06	3.06266e+06	0.00039457	0.000378846	
5.2042	9.9859	2.7025	-3.485	2.5624	3.4364	0.0179	-0.869659	0.06362	0.561768	-0.71594	550	-295.1	-25531.8	32392.8	-54389.8	-44148.9	3.08805e+06	3.06271e+06	0.000392083	0.00037805	
-7.1405	9.3091	2.5694	4.2006	7.0434	6.9456	0.0679	1.04523	-16.1301	1.23527	4.18359	550	-295.1	35469.6	-283395	-52933.6	71765.6	3.0878e+06	3.0489e+06	0.000391615	0.000398058	
49.7276	-12.5221	2.6517	1.293	7.1647	6.8276	0.0586	1e+10	6.39566	1e+10	0.752672	1e+10	-295.1	1e+10	134622	1e+10	14618.2	1e+10	3.05213e+06	1e+10	0.000380281	
-25.3719	-2.7029	7.8507	0.3996	-3.0886	6.743	0.0324	1.17327	8.42032	0.425035	3.19089	550	-295.1	155566	192281	16371.2	56943.9	3.07617e+06	3.05654e+06	0.000390031	0.000388259	
-36.401	-10.4486	2.7258	-4.276	-2.2839	5.4225	0.0311	1e+10	-1.76322	1e+10	0.0931934	1e+10	-295.1	1e+10	-45197.4	1e+10	-7626.06	1e+10	3.06723e+06	1e+10	0.000378743	
9.1184	1.808	0.1355	-4.4852	-5.1457	4.6215	0.0399	-0.107738	1.23517	-0.940555	1.12235	550	-295.1	-46724.9	59626.3	-6996.06	17283.6	3.093e+06	3.05841e+06	0.000393448	0.000378182	
-12.3374	-3.1948	5.0794	-4.7839	-0.8337	7.7372	0.049	-0.650833	-6.0228	0.192848	0.983566	550	-295.1	68395.4	-154044	17041.5	60637.2	3.08317e+06	3.05716e+06	0.000389604	0.000386282	
29.7501	-12.1704	3.5456	8.106	-2.4789	2.4611	0.0458	1e+10	2.79911	1e+10	3.1188	1e+10	-295.1	1e+10	101002	1e+10	109385	1e+10	3.06379e+06	1e+10	0.000384531	
-20.4634	-21.9527	0.1361	0.9873	0.6345	0.3676	0.0009	4.01954	1.0479	5.36651	-2.97445	550	-295.1	138190	36764.9	150240	-73939.9	3.08773e+06	3.05767e+06	0.000398132	0.00037889	
